2022/07/20-15:40:17.325262 70000c7fd000 RocksDB version: 6.15.2
2022/07/20-15:40:17.325340 70000c7fd000 Git sha rocksdb_build_git_sha:ca8082762f736a665b75fa1d39468856071bc3a9
2022/07/20-15:40:17.325343 70000c7fd000 Compile date Jan  4 2021
2022/07/20-15:40:17.325372 70000c7fd000 DB SUMMARY
2022/07/20-15:40:17.325373 70000c7fd000 DB Session ID:  8DBVHW6JSV4NVIPGR3KC
2022/07/20-15:40:17.325453 70000c7fd000 CURRENT file:  CURRENT
2022/07/20-15:40:17.325455 70000c7fd000 IDENTITY file:  IDENTITY
2022/07/20-15:40:17.325463 70000c7fd000 MANIFEST file:  MANIFEST-000003 size: 393 Bytes
2022/07/20-15:40:17.325465 70000c7fd000 SST files in /Users/a10403/Desktop/besu_network/node2/data/database dir, Total Num: 0, files: 
2022/07/20-15:40:17.325466 70000c7fd000 Write Ahead Log file in /Users/a10403/Desktop/besu_network/node2/data/database: 000004.log size: 2052 ; 
2022/07/20-15:40:17.325468 70000c7fd000                         Options.error_if_exists: 0
2022/07/20-15:40:17.325470 70000c7fd000                       Options.create_if_missing: 1
2022/07/20-15:40:17.325471 70000c7fd000                         Options.paranoid_checks: 1
2022/07/20-15:40:17.325472 70000c7fd000                               Options.track_and_verify_wals_in_manifest: 0
2022/07/20-15:40:17.325473 70000c7fd000                                     Options.env: 0x13ad9cb08
2022/07/20-15:40:17.325474 70000c7fd000                                      Options.fs: Posix File System
2022/07/20-15:40:17.325475 70000c7fd000                                Options.info_log: 0x7fdcbbff3cb0
2022/07/20-15:40:17.325476 70000c7fd000                Options.max_file_opening_threads: 16
2022/07/20-15:40:17.325477 70000c7fd000                              Options.statistics: 0x7fdc9bcf1c70
2022/07/20-15:40:17.325478 70000c7fd000                               Options.use_fsync: 0
2022/07/20-15:40:17.325478 70000c7fd000                       Options.max_log_file_size: 0
2022/07/20-15:40:17.325479 70000c7fd000                  Options.max_manifest_file_size: 1073741824
2022/07/20-15:40:17.325480 70000c7fd000                   Options.log_file_time_to_roll: 0
2022/07/20-15:40:17.325481 70000c7fd000                       Options.keep_log_file_num: 1000
2022/07/20-15:40:17.325482 70000c7fd000                    Options.recycle_log_file_num: 0
2022/07/20-15:40:17.325483 70000c7fd000                         Options.allow_fallocate: 1
2022/07/20-15:40:17.325483 70000c7fd000                        Options.allow_mmap_reads: 0
2022/07/20-15:40:17.325484 70000c7fd000                       Options.allow_mmap_writes: 0
2022/07/20-15:40:17.325485 70000c7fd000                        Options.use_direct_reads: 0
2022/07/20-15:40:17.325486 70000c7fd000                        Options.use_direct_io_for_flush_and_compaction: 0
2022/07/20-15:40:17.325486 70000c7fd000          Options.create_missing_column_families: 1
2022/07/20-15:40:17.325487 70000c7fd000                              Options.db_log_dir: 
2022/07/20-15:40:17.325488 70000c7fd000                                 Options.wal_dir: /Users/a10403/Desktop/besu_network/node2/data/database
2022/07/20-15:40:17.325489 70000c7fd000                Options.table_cache_numshardbits: 6
2022/07/20-15:40:17.325491 70000c7fd000                         Options.WAL_ttl_seconds: 0
2022/07/20-15:40:17.325492 70000c7fd000                       Options.WAL_size_limit_MB: 0
2022/07/20-15:40:17.325493 70000c7fd000                        Options.max_write_batch_group_size_bytes: 1048576
2022/07/20-15:40:17.325494 70000c7fd000             Options.manifest_preallocation_size: 4194304
2022/07/20-15:40:17.325495 70000c7fd000                     Options.is_fd_close_on_exec: 1
2022/07/20-15:40:17.325496 70000c7fd000                   Options.advise_random_on_open: 1
2022/07/20-15:40:17.325496 70000c7fd000                    Options.db_write_buffer_size: 0
2022/07/20-15:40:17.325497 70000c7fd000                    Options.write_buffer_manager: 0x7fdcbbff3d00
2022/07/20-15:40:17.325498 70000c7fd000         Options.access_hint_on_compaction_start: 1
2022/07/20-15:40:17.325499 70000c7fd000  Options.new_table_reader_for_compaction_inputs: 0
2022/07/20-15:40:17.325523 70000c7fd000           Options.random_access_max_buffer_size: 1048576
2022/07/20-15:40:17.325525 70000c7fd000                      Options.use_adaptive_mutex: 0
2022/07/20-15:40:17.325525 70000c7fd000                            Options.rate_limiter: 0x0
2022/07/20-15:40:17.325528 70000c7fd000     Options.sst_file_manager.rate_bytes_per_sec: 0
2022/07/20-15:40:17.325529 70000c7fd000                       Options.wal_recovery_mode: 2
2022/07/20-15:40:17.325530 70000c7fd000                  Options.enable_thread_tracking: 0
2022/07/20-15:40:17.325531 70000c7fd000                  Options.enable_pipelined_write: 0
2022/07/20-15:40:17.325532 70000c7fd000                  Options.unordered_write: 0
2022/07/20-15:40:17.325532 70000c7fd000         Options.allow_concurrent_memtable_write: 1
2022/07/20-15:40:17.325533 70000c7fd000      Options.enable_write_thread_adaptive_yield: 1
2022/07/20-15:40:17.325534 70000c7fd000             Options.write_thread_max_yield_usec: 100
2022/07/20-15:40:17.325535 70000c7fd000            Options.write_thread_slow_yield_usec: 3
2022/07/20-15:40:17.325536 70000c7fd000                               Options.row_cache: None
2022/07/20-15:40:17.325536 70000c7fd000                              Options.wal_filter: None
2022/07/20-15:40:17.325537 70000c7fd000             Options.avoid_flush_during_recovery: 0
2022/07/20-15:40:17.325538 70000c7fd000             Options.allow_ingest_behind: 0
2022/07/20-15:40:17.325539 70000c7fd000             Options.preserve_deletes: 0
2022/07/20-15:40:17.325540 70000c7fd000             Options.two_write_queues: 0
2022/07/20-15:40:17.325541 70000c7fd000             Options.manual_wal_flush: 0
2022/07/20-15:40:17.325541 70000c7fd000             Options.atomic_flush: 0
2022/07/20-15:40:17.325542 70000c7fd000             Options.avoid_unnecessary_blocking_io: 0
2022/07/20-15:40:17.325543 70000c7fd000                 Options.persist_stats_to_disk: 0
2022/07/20-15:40:17.325544 70000c7fd000                 Options.write_dbid_to_manifest: 0
2022/07/20-15:40:17.325545 70000c7fd000                 Options.log_readahead_size: 0
2022/07/20-15:40:17.325545 70000c7fd000                 Options.file_checksum_gen_factory: Unknown
2022/07/20-15:40:17.325546 70000c7fd000                 Options.best_efforts_recovery: 0
2022/07/20-15:40:17.325547 70000c7fd000                Options.max_bgerror_resume_count: 2147483647
2022/07/20-15:40:17.325548 70000c7fd000            Options.bgerror_resume_retry_interval: 1000000
2022/07/20-15:40:17.325549 70000c7fd000             Options.allow_data_in_errors: 0
2022/07/20-15:40:17.325550 70000c7fd000             Options.db_host_id: __hostname__
2022/07/20-15:40:17.325551 70000c7fd000             Options.max_background_jobs: 2
2022/07/20-15:40:17.325551 70000c7fd000             Options.max_background_compactions: 4
2022/07/20-15:40:17.325552 70000c7fd000             Options.max_subcompactions: 1
2022/07/20-15:40:17.325553 70000c7fd000             Options.avoid_flush_during_shutdown: 0
2022/07/20-15:40:17.325554 70000c7fd000           Options.writable_file_max_buffer_size: 1048576
2022/07/20-15:40:17.325555 70000c7fd000             Options.delayed_write_rate : 16777216
2022/07/20-15:40:17.325555 70000c7fd000             Options.max_total_wal_size: 0
2022/07/20-15:40:17.325556 70000c7fd000             Options.delete_obsolete_files_period_micros: 21600000000
2022/07/20-15:40:17.325557 70000c7fd000                   Options.stats_dump_period_sec: 600
2022/07/20-15:40:17.325558 70000c7fd000                 Options.stats_persist_period_sec: 600
2022/07/20-15:40:17.325559 70000c7fd000                 Options.stats_history_buffer_size: 1048576
2022/07/20-15:40:17.325560 70000c7fd000                          Options.max_open_files: 1024
2022/07/20-15:40:17.325560 70000c7fd000                          Options.bytes_per_sync: 0
2022/07/20-15:40:17.325561 70000c7fd000                      Options.wal_bytes_per_sync: 0
2022/07/20-15:40:17.325562 70000c7fd000                   Options.strict_bytes_per_sync: 0
2022/07/20-15:40:17.325563 70000c7fd000       Options.compaction_readahead_size: 0
2022/07/20-15:40:17.325579 70000c7fd000                  Options.max_background_flushes: -1
2022/07/20-15:40:17.325580 70000c7fd000 Compression algorithms supported:
2022/07/20-15:40:17.325583 70000c7fd000 	kZSTD supported: 1
2022/07/20-15:40:17.325584 70000c7fd000 	kZlibCompression supported: 1
2022/07/20-15:40:17.325585 70000c7fd000 	kXpressCompression supported: 0
2022/07/20-15:40:17.325586 70000c7fd000 	kSnappyCompression supported: 1
2022/07/20-15:40:17.325587 70000c7fd000 	kZSTDNotFinalCompression supported: 1
2022/07/20-15:40:17.325587 70000c7fd000 	kLZ4HCCompression supported: 1
2022/07/20-15:40:17.325588 70000c7fd000 	kLZ4Compression supported: 1
2022/07/20-15:40:17.325589 70000c7fd000 	kBZip2Compression supported: 1
2022/07/20-15:40:17.325593 70000c7fd000 Fast CRC32 supported: Not supported on x86
2022/07/20-15:40:17.326245 70000c7fd000 [/version_set.cc:4725] Recovering from manifest file: /Users/a10403/Desktop/besu_network/node2/data/database/MANIFEST-000003
2022/07/20-15:40:17.326331 70000c7fd000 [/column_family.cc:597] --------------- Options for column family [default]:
2022/07/20-15:40:17.326334 70000c7fd000               Options.comparator: leveldb.BytewiseComparator
2022/07/20-15:40:17.326335 70000c7fd000           Options.merge_operator: None
2022/07/20-15:40:17.326336 70000c7fd000        Options.compaction_filter: None
2022/07/20-15:40:17.326337 70000c7fd000        Options.compaction_filter_factory: None
2022/07/20-15:40:17.326338 70000c7fd000  Options.sst_partitioner_factory: None
2022/07/20-15:40:17.326339 70000c7fd000         Options.memtable_factory: SkipListFactory
2022/07/20-15:40:17.326339 70000c7fd000            Options.table_factory: BlockBasedTable
2022/07/20-15:40:17.326359 70000c7fd000            table_factory options:   flush_block_policy_factory: FlushBlockBySizePolicyFactory (0x7fdc9bcf90a0)
  cache_index_and_filter_blocks: 0
  cache_index_and_filter_blocks_with_high_priority: 1
  pin_l0_filter_and_index_blocks_in_cache: 0
  pin_top_level_index_and_filter: 1
  index_type: 0
  data_block_index_type: 0
  index_shortening: 1
  data_block_hash_table_util_ratio: 0.750000
  hash_index_allow_collision: 1
  checksum: 1
  no_block_cache: 0
  block_cache: 0x7fdc9bcf8778
  block_cache_name: LRUCache
  block_cache_options:
    capacity : 8388608
    num_shard_bits : 4
    strict_capacity_limit : 0
    memory_allocator : None
    high_pri_pool_ratio: 0.000
  block_cache_compressed: 0x0
  persistent_cache: 0x0
  block_size: 4096
  block_size_deviation: 10
  block_restart_interval: 16
  index_block_restart_interval: 1
  metadata_block_size: 4096
  partition_filters: 0
  use_delta_encoding: 1
  filter_policy: nullptr
  whole_key_filtering: 1
  verify_compression: 0
  read_amp_bytes_per_bit: 0
  format_version: 4
  enable_index_compression: 1
  block_align: 0
2022/07/20-15:40:17.326361 70000c7fd000        Options.write_buffer_size: 67108864
2022/07/20-15:40:17.326362 70000c7fd000  Options.max_write_buffer_number: 2
2022/07/20-15:40:17.326363 70000c7fd000          Options.compression: Snappy
2022/07/20-15:40:17.326364 70000c7fd000                  Options.bottommost_compression: Disabled
2022/07/20-15:40:17.326365 70000c7fd000       Options.prefix_extractor: nullptr
2022/07/20-15:40:17.326366 70000c7fd000   Options.memtable_insert_with_hint_prefix_extractor: nullptr
2022/07/20-15:40:17.326367 70000c7fd000             Options.num_levels: 7
2022/07/20-15:40:17.326368 70000c7fd000        Options.min_write_buffer_number_to_merge: 1
2022/07/20-15:40:17.326369 70000c7fd000     Options.max_write_buffer_number_to_maintain: 0
2022/07/20-15:40:17.326370 70000c7fd000     Options.max_write_buffer_size_to_maintain: 134217728
2022/07/20-15:40:17.326371 70000c7fd000            Options.bottommost_compression_opts.window_bits: -14
2022/07/20-15:40:17.326372 70000c7fd000                  Options.bottommost_compression_opts.level: 32767
2022/07/20-15:40:17.326373 70000c7fd000               Options.bottommost_compression_opts.strategy: 0
2022/07/20-15:40:17.326374 70000c7fd000         Options.bottommost_compression_opts.max_dict_bytes: 0
2022/07/20-15:40:17.326400 70000c7fd000         Options.bottommost_compression_opts.zstd_max_train_bytes: 0
2022/07/20-15:40:17.326402 70000c7fd000         Options.bottommost_compression_opts.parallel_threads: 1
2022/07/20-15:40:17.326403 70000c7fd000                  Options.bottommost_compression_opts.enabled: false
2022/07/20-15:40:17.326404 70000c7fd000            Options.compression_opts.window_bits: -14
2022/07/20-15:40:17.326405 70000c7fd000                  Options.compression_opts.level: 32767
2022/07/20-15:40:17.326406 70000c7fd000               Options.compression_opts.strategy: 0
2022/07/20-15:40:17.326407 70000c7fd000         Options.compression_opts.max_dict_bytes: 0
2022/07/20-15:40:17.326408 70000c7fd000         Options.compression_opts.zstd_max_train_bytes: 0
2022/07/20-15:40:17.326409 70000c7fd000         Options.compression_opts.parallel_threads: 1
2022/07/20-15:40:17.326410 70000c7fd000                  Options.compression_opts.enabled: false
2022/07/20-15:40:17.326411 70000c7fd000      Options.level0_file_num_compaction_trigger: 4
2022/07/20-15:40:17.326412 70000c7fd000          Options.level0_slowdown_writes_trigger: 20
2022/07/20-15:40:17.326413 70000c7fd000              Options.level0_stop_writes_trigger: 36
2022/07/20-15:40:17.326414 70000c7fd000                   Options.target_file_size_base: 67108864
2022/07/20-15:40:17.326415 70000c7fd000             Options.target_file_size_multiplier: 1
2022/07/20-15:40:17.326416 70000c7fd000                Options.max_bytes_for_level_base: 268435456
2022/07/20-15:40:17.326417 70000c7fd000 Options.level_compaction_dynamic_level_bytes: 0
2022/07/20-15:40:17.326418 70000c7fd000          Options.max_bytes_for_level_multiplier: 10.000000
2022/07/20-15:40:17.326420 70000c7fd000 Options.max_bytes_for_level_multiplier_addtl[0]: 1
2022/07/20-15:40:17.326421 70000c7fd000 Options.max_bytes_for_level_multiplier_addtl[1]: 1
2022/07/20-15:40:17.326422 70000c7fd000 Options.max_bytes_for_level_multiplier_addtl[2]: 1
2022/07/20-15:40:17.326423 70000c7fd000 Options.max_bytes_for_level_multiplier_addtl[3]: 1
2022/07/20-15:40:17.326424 70000c7fd000 Options.max_bytes_for_level_multiplier_addtl[4]: 1
2022/07/20-15:40:17.326425 70000c7fd000 Options.max_bytes_for_level_multiplier_addtl[5]: 1
2022/07/20-15:40:17.326426 70000c7fd000 Options.max_bytes_for_level_multiplier_addtl[6]: 1
2022/07/20-15:40:17.326427 70000c7fd000       Options.max_sequential_skip_in_iterations: 8
2022/07/20-15:40:17.326428 70000c7fd000                    Options.max_compaction_bytes: 1677721600
2022/07/20-15:40:17.326429 70000c7fd000                        Options.arena_block_size: 8388608
2022/07/20-15:40:17.326430 70000c7fd000   Options.soft_pending_compaction_bytes_limit: 68719476736
2022/07/20-15:40:17.326431 70000c7fd000   Options.hard_pending_compaction_bytes_limit: 274877906944
2022/07/20-15:40:17.326432 70000c7fd000       Options.rate_limit_delay_max_milliseconds: 100
2022/07/20-15:40:17.326433 70000c7fd000                Options.disable_auto_compactions: 0
2022/07/20-15:40:17.326435 70000c7fd000                        Options.compaction_style: kCompactionStyleLevel
2022/07/20-15:40:17.326436 70000c7fd000                          Options.compaction_pri: kMinOverlappingRatio
2022/07/20-15:40:17.326437 70000c7fd000 Options.compaction_options_universal.size_ratio: 1
2022/07/20-15:40:17.326438 70000c7fd000 Options.compaction_options_universal.min_merge_width: 2
2022/07/20-15:40:17.326439 70000c7fd000 Options.compaction_options_universal.max_merge_width: 4294967295
2022/07/20-15:40:17.326440 70000c7fd000 Options.compaction_options_universal.max_size_amplification_percent: 200
2022/07/20-15:40:17.326441 70000c7fd000 Options.compaction_options_universal.compression_size_percent: -1
2022/07/20-15:40:17.326442 70000c7fd000 Options.compaction_options_universal.stop_style: kCompactionStopStyleTotalSize
2022/07/20-15:40:17.326443 70000c7fd000 Options.compaction_options_fifo.max_table_files_size: 1073741824
2022/07/20-15:40:17.326444 70000c7fd000 Options.compaction_options_fifo.allow_compaction: 0
2022/07/20-15:40:17.326467 70000c7fd000                   Options.table_properties_collectors: 
2022/07/20-15:40:17.326468 70000c7fd000                   Options.inplace_update_support: 0
2022/07/20-15:40:17.326471 70000c7fd000                 Options.inplace_update_num_locks: 10000
2022/07/20-15:40:17.326472 70000c7fd000               Options.memtable_prefix_bloom_size_ratio: 0.000000
2022/07/20-15:40:17.326473 70000c7fd000               Options.memtable_whole_key_filtering: 0
2022/07/20-15:40:17.326474 70000c7fd000   Options.memtable_huge_page_size: 0
2022/07/20-15:40:17.326475 70000c7fd000                           Options.bloom_locality: 0
2022/07/20-15:40:17.326476 70000c7fd000                    Options.max_successive_merges: 0
2022/07/20-15:40:17.326487 70000c7fd000                Options.optimize_filters_for_hits: 0
2022/07/20-15:40:17.326488 70000c7fd000                Options.paranoid_file_checks: 0
2022/07/20-15:40:17.326489 70000c7fd000                Options.force_consistency_checks: 1
2022/07/20-15:40:17.326490 70000c7fd000                Options.report_bg_io_stats: 0
2022/07/20-15:40:17.326491 70000c7fd000                               Options.ttl: 0
2022/07/20-15:40:17.326491 70000c7fd000          Options.periodic_compaction_seconds: 0
2022/07/20-15:40:17.326492 70000c7fd000                    Options.enable_blob_files: false
2022/07/20-15:40:17.326493 70000c7fd000                        Options.min_blob_size: 0
2022/07/20-15:40:17.326496 70000c7fd000                       Options.blob_file_size: 268435456
2022/07/20-15:40:17.326497 70000c7fd000                Options.blob_compression_type: NoCompression
2022/07/20-15:40:17.326498 70000c7fd000       Options.enable_blob_garbage_collection: false
2022/07/20-15:40:17.326499 70000c7fd000   Options.blob_garbage_collection_age_cutoff: 0.250000
2022/07/20-15:40:17.326621 70000c7fd000 [/column_family.cc:597] --------------- Options for column family []:
2022/07/20-15:40:17.326626 70000c7fd000               Options.comparator: leveldb.BytewiseComparator
2022/07/20-15:40:17.326627 70000c7fd000           Options.merge_operator: None
2022/07/20-15:40:17.326628 70000c7fd000        Options.compaction_filter: None
2022/07/20-15:40:17.326629 70000c7fd000        Options.compaction_filter_factory: None
2022/07/20-15:40:17.326630 70000c7fd000  Options.sst_partitioner_factory: None
2022/07/20-15:40:17.326631 70000c7fd000         Options.memtable_factory: SkipListFactory
2022/07/20-15:40:17.326631 70000c7fd000            Options.table_factory: BlockBasedTable
2022/07/20-15:40:17.326645 70000c7fd000            table_factory options:   flush_block_policy_factory: FlushBlockBySizePolicyFactory (0x7fdc9bcf2860)
  cache_index_and_filter_blocks: 0
  cache_index_and_filter_blocks_with_high_priority: 1
  pin_l0_filter_and_index_blocks_in_cache: 0
  pin_top_level_index_and_filter: 1
  index_type: 0
  data_block_index_type: 0
  index_shortening: 1
  data_block_hash_table_util_ratio: 0.750000
  hash_index_allow_collision: 1
  checksum: 1
  no_block_cache: 0
  block_cache: 0x7fdc9bcf28a8
  block_cache_name: LRUCache
  block_cache_options:
    capacity : 8388608
    num_shard_bits : 4
    strict_capacity_limit : 0
    memory_allocator : None
    high_pri_pool_ratio: 0.000
  block_cache_compressed: 0x0
  persistent_cache: 0x0
  block_size: 4096
  block_size_deviation: 10
  block_restart_interval: 16
  index_block_restart_interval: 1
  metadata_block_size: 4096
  partition_filters: 0
  use_delta_encoding: 1
  filter_policy: nullptr
  whole_key_filtering: 1
  verify_compression: 0
  read_amp_bytes_per_bit: 0
  format_version: 4
  enable_index_compression: 1
  block_align: 0
2022/07/20-15:40:17.326646 70000c7fd000        Options.write_buffer_size: 67108864
2022/07/20-15:40:17.326647 70000c7fd000  Options.max_write_buffer_number: 2
2022/07/20-15:40:17.326648 70000c7fd000          Options.compression: Snappy
2022/07/20-15:40:17.326649 70000c7fd000                  Options.bottommost_compression: Disabled
2022/07/20-15:40:17.326650 70000c7fd000       Options.prefix_extractor: nullptr
2022/07/20-15:40:17.326678 70000c7fd000   Options.memtable_insert_with_hint_prefix_extractor: nullptr
2022/07/20-15:40:17.326679 70000c7fd000             Options.num_levels: 7
2022/07/20-15:40:17.326680 70000c7fd000        Options.min_write_buffer_number_to_merge: 1
2022/07/20-15:40:17.326681 70000c7fd000     Options.max_write_buffer_number_to_maintain: 0
2022/07/20-15:40:17.326682 70000c7fd000     Options.max_write_buffer_size_to_maintain: 134217728
2022/07/20-15:40:17.326683 70000c7fd000            Options.bottommost_compression_opts.window_bits: -14
2022/07/20-15:40:17.326684 70000c7fd000                  Options.bottommost_compression_opts.level: 32767
2022/07/20-15:40:17.326685 70000c7fd000               Options.bottommost_compression_opts.strategy: 0
2022/07/20-15:40:17.326685 70000c7fd000         Options.bottommost_compression_opts.max_dict_bytes: 0
2022/07/20-15:40:17.326686 70000c7fd000         Options.bottommost_compression_opts.zstd_max_train_bytes: 0
2022/07/20-15:40:17.326687 70000c7fd000         Options.bottommost_compression_opts.parallel_threads: 1
2022/07/20-15:40:17.326688 70000c7fd000                  Options.bottommost_compression_opts.enabled: false
2022/07/20-15:40:17.326689 70000c7fd000            Options.compression_opts.window_bits: -14
2022/07/20-15:40:17.326690 70000c7fd000                  Options.compression_opts.level: 32767
2022/07/20-15:40:17.326691 70000c7fd000               Options.compression_opts.strategy: 0
2022/07/20-15:40:17.326691 70000c7fd000         Options.compression_opts.max_dict_bytes: 0
2022/07/20-15:40:17.326692 70000c7fd000         Options.compression_opts.zstd_max_train_bytes: 0
2022/07/20-15:40:17.326693 70000c7fd000         Options.compression_opts.parallel_threads: 1
2022/07/20-15:40:17.326694 70000c7fd000                  Options.compression_opts.enabled: false
2022/07/20-15:40:17.326695 70000c7fd000      Options.level0_file_num_compaction_trigger: 4
2022/07/20-15:40:17.326696 70000c7fd000          Options.level0_slowdown_writes_trigger: 20
2022/07/20-15:40:17.326696 70000c7fd000              Options.level0_stop_writes_trigger: 36
2022/07/20-15:40:17.326697 70000c7fd000                   Options.target_file_size_base: 67108864
2022/07/20-15:40:17.326698 70000c7fd000             Options.target_file_size_multiplier: 1
2022/07/20-15:40:17.326699 70000c7fd000                Options.max_bytes_for_level_base: 268435456
2022/07/20-15:40:17.326700 70000c7fd000 Options.level_compaction_dynamic_level_bytes: 0
2022/07/20-15:40:17.326701 70000c7fd000          Options.max_bytes_for_level_multiplier: 10.000000
2022/07/20-15:40:17.326702 70000c7fd000 Options.max_bytes_for_level_multiplier_addtl[0]: 1
2022/07/20-15:40:17.326703 70000c7fd000 Options.max_bytes_for_level_multiplier_addtl[1]: 1
2022/07/20-15:40:17.326704 70000c7fd000 Options.max_bytes_for_level_multiplier_addtl[2]: 1
2022/07/20-15:40:17.326705 70000c7fd000 Options.max_bytes_for_level_multiplier_addtl[3]: 1
2022/07/20-15:40:17.326705 70000c7fd000 Options.max_bytes_for_level_multiplier_addtl[4]: 1
2022/07/20-15:40:17.326706 70000c7fd000 Options.max_bytes_for_level_multiplier_addtl[5]: 1
2022/07/20-15:40:17.326707 70000c7fd000 Options.max_bytes_for_level_multiplier_addtl[6]: 1
2022/07/20-15:40:17.326708 70000c7fd000       Options.max_sequential_skip_in_iterations: 8
2022/07/20-15:40:17.326709 70000c7fd000                    Options.max_compaction_bytes: 1677721600
2022/07/20-15:40:17.326710 70000c7fd000                        Options.arena_block_size: 8388608
2022/07/20-15:40:17.326710 70000c7fd000   Options.soft_pending_compaction_bytes_limit: 68719476736
2022/07/20-15:40:17.326711 70000c7fd000   Options.hard_pending_compaction_bytes_limit: 274877906944
2022/07/20-15:40:17.326712 70000c7fd000       Options.rate_limit_delay_max_milliseconds: 100
2022/07/20-15:40:17.326713 70000c7fd000                Options.disable_auto_compactions: 0
2022/07/20-15:40:17.326714 70000c7fd000                        Options.compaction_style: kCompactionStyleLevel
2022/07/20-15:40:17.326715 70000c7fd000                          Options.compaction_pri: kMinOverlappingRatio
2022/07/20-15:40:17.326731 70000c7fd000 Options.compaction_options_universal.size_ratio: 1
2022/07/20-15:40:17.326733 70000c7fd000 Options.compaction_options_universal.min_merge_width: 2
2022/07/20-15:40:17.326733 70000c7fd000 Options.compaction_options_universal.max_merge_width: 4294967295
2022/07/20-15:40:17.326734 70000c7fd000 Options.compaction_options_universal.max_size_amplification_percent: 200
2022/07/20-15:40:17.326735 70000c7fd000 Options.compaction_options_universal.compression_size_percent: -1
2022/07/20-15:40:17.326737 70000c7fd000 Options.compaction_options_universal.stop_style: kCompactionStopStyleTotalSize
2022/07/20-15:40:17.326737 70000c7fd000 Options.compaction_options_fifo.max_table_files_size: 1073741824
2022/07/20-15:40:17.326738 70000c7fd000 Options.compaction_options_fifo.allow_compaction: 0
2022/07/20-15:40:17.326739 70000c7fd000                   Options.table_properties_collectors: 
2022/07/20-15:40:17.326740 70000c7fd000                   Options.inplace_update_support: 0
2022/07/20-15:40:17.326741 70000c7fd000                 Options.inplace_update_num_locks: 10000
2022/07/20-15:40:17.326742 70000c7fd000               Options.memtable_prefix_bloom_size_ratio: 0.000000
2022/07/20-15:40:17.326743 70000c7fd000               Options.memtable_whole_key_filtering: 0
2022/07/20-15:40:17.326744 70000c7fd000   Options.memtable_huge_page_size: 0
2022/07/20-15:40:17.326745 70000c7fd000                           Options.bloom_locality: 0
2022/07/20-15:40:17.326746 70000c7fd000                    Options.max_successive_merges: 0
2022/07/20-15:40:17.326746 70000c7fd000                Options.optimize_filters_for_hits: 0
2022/07/20-15:40:17.326747 70000c7fd000                Options.paranoid_file_checks: 0
2022/07/20-15:40:17.326748 70000c7fd000                Options.force_consistency_checks: 1
2022/07/20-15:40:17.326749 70000c7fd000                Options.report_bg_io_stats: 0
2022/07/20-15:40:17.326750 70000c7fd000                               Options.ttl: 0
2022/07/20-15:40:17.326750 70000c7fd000          Options.periodic_compaction_seconds: 0
2022/07/20-15:40:17.326751 70000c7fd000                    Options.enable_blob_files: false
2022/07/20-15:40:17.326752 70000c7fd000                        Options.min_blob_size: 0
2022/07/20-15:40:17.326753 70000c7fd000                       Options.blob_file_size: 268435456
2022/07/20-15:40:17.326754 70000c7fd000                Options.blob_compression_type: NoCompression
2022/07/20-15:40:17.326755 70000c7fd000       Options.enable_blob_garbage_collection: false
2022/07/20-15:40:17.326755 70000c7fd000   Options.blob_garbage_collection_age_cutoff: 0.250000
2022/07/20-15:40:17.326792 70000c7fd000 [/column_family.cc:597] --------------- Options for column family []:
2022/07/20-15:40:17.326794 70000c7fd000               Options.comparator: leveldb.BytewiseComparator
2022/07/20-15:40:17.326795 70000c7fd000           Options.merge_operator: None
2022/07/20-15:40:17.326796 70000c7fd000        Options.compaction_filter: None
2022/07/20-15:40:17.326796 70000c7fd000        Options.compaction_filter_factory: None
2022/07/20-15:40:17.326797 70000c7fd000  Options.sst_partitioner_factory: None
2022/07/20-15:40:17.326798 70000c7fd000         Options.memtable_factory: SkipListFactory
2022/07/20-15:40:17.326799 70000c7fd000            Options.table_factory: BlockBasedTable
2022/07/20-15:40:17.326808 70000c7fd000            table_factory options:   flush_block_policy_factory: FlushBlockBySizePolicyFactory (0x7fdc9bcf3670)
  cache_index_and_filter_blocks: 0
  cache_index_and_filter_blocks_with_high_priority: 1
  pin_l0_filter_and_index_blocks_in_cache: 0
  pin_top_level_index_and_filter: 1
  index_type: 0
  data_block_index_type: 0
  index_shortening: 1
  data_block_hash_table_util_ratio: 0.750000
  hash_index_allow_collision: 1
  checksum: 1
  no_block_cache: 0
  block_cache: 0x7fdc9bcf36b8
  block_cache_name: LRUCache
  block_cache_options:
    capacity : 8388608
    num_shard_bits : 4
    strict_capacity_limit : 0
    memory_allocator : None
    high_pri_pool_ratio: 0.000
  block_cache_compressed: 0x0
  persistent_cache: 0x0
  block_size: 4096
  block_size_deviation: 10
  block_restart_interval: 16
  index_block_restart_interval: 1
  metadata_block_size: 4096
  partition_filters: 0
  use_delta_encoding: 1
  filter_policy: nullptr
  whole_key_filtering: 1
  verify_compression: 0
  read_amp_bytes_per_bit: 0
  format_version: 4
  enable_index_compression: 1
  block_align: 0
2022/07/20-15:40:17.326826 70000c7fd000        Options.write_buffer_size: 67108864
2022/07/20-15:40:17.326827 70000c7fd000  Options.max_write_buffer_number: 2
2022/07/20-15:40:17.326828 70000c7fd000          Options.compression: Snappy
2022/07/20-15:40:17.326829 70000c7fd000                  Options.bottommost_compression: Disabled
2022/07/20-15:40:17.326829 70000c7fd000       Options.prefix_extractor: nullptr
2022/07/20-15:40:17.326830 70000c7fd000   Options.memtable_insert_with_hint_prefix_extractor: nullptr
2022/07/20-15:40:17.326831 70000c7fd000             Options.num_levels: 7
2022/07/20-15:40:17.326832 70000c7fd000        Options.min_write_buffer_number_to_merge: 1
2022/07/20-15:40:17.326833 70000c7fd000     Options.max_write_buffer_number_to_maintain: 0
2022/07/20-15:40:17.326834 70000c7fd000     Options.max_write_buffer_size_to_maintain: 134217728
2022/07/20-15:40:17.326834 70000c7fd000            Options.bottommost_compression_opts.window_bits: -14
2022/07/20-15:40:17.326835 70000c7fd000                  Options.bottommost_compression_opts.level: 32767
2022/07/20-15:40:17.326836 70000c7fd000               Options.bottommost_compression_opts.strategy: 0
2022/07/20-15:40:17.326837 70000c7fd000         Options.bottommost_compression_opts.max_dict_bytes: 0
2022/07/20-15:40:17.326838 70000c7fd000         Options.bottommost_compression_opts.zstd_max_train_bytes: 0
2022/07/20-15:40:17.326839 70000c7fd000         Options.bottommost_compression_opts.parallel_threads: 1
2022/07/20-15:40:17.326839 70000c7fd000                  Options.bottommost_compression_opts.enabled: false
2022/07/20-15:40:17.326840 70000c7fd000            Options.compression_opts.window_bits: -14
2022/07/20-15:40:17.326841 70000c7fd000                  Options.compression_opts.level: 32767
2022/07/20-15:40:17.326842 70000c7fd000               Options.compression_opts.strategy: 0
2022/07/20-15:40:17.326843 70000c7fd000         Options.compression_opts.max_dict_bytes: 0
2022/07/20-15:40:17.326843 70000c7fd000         Options.compression_opts.zstd_max_train_bytes: 0
2022/07/20-15:40:17.326844 70000c7fd000         Options.compression_opts.parallel_threads: 1
2022/07/20-15:40:17.326845 70000c7fd000                  Options.compression_opts.enabled: false
2022/07/20-15:40:17.326846 70000c7fd000      Options.level0_file_num_compaction_trigger: 4
2022/07/20-15:40:17.326847 70000c7fd000          Options.level0_slowdown_writes_trigger: 20
2022/07/20-15:40:17.326848 70000c7fd000              Options.level0_stop_writes_trigger: 36
2022/07/20-15:40:17.326848 70000c7fd000                   Options.target_file_size_base: 67108864
2022/07/20-15:40:17.326849 70000c7fd000             Options.target_file_size_multiplier: 1
2022/07/20-15:40:17.326850 70000c7fd000                Options.max_bytes_for_level_base: 268435456
2022/07/20-15:40:17.326851 70000c7fd000 Options.level_compaction_dynamic_level_bytes: 0
2022/07/20-15:40:17.326852 70000c7fd000          Options.max_bytes_for_level_multiplier: 10.000000
2022/07/20-15:40:17.326853 70000c7fd000 Options.max_bytes_for_level_multiplier_addtl[0]: 1
2022/07/20-15:40:17.326854 70000c7fd000 Options.max_bytes_for_level_multiplier_addtl[1]: 1
2022/07/20-15:40:17.326855 70000c7fd000 Options.max_bytes_for_level_multiplier_addtl[2]: 1
2022/07/20-15:40:17.326855 70000c7fd000 Options.max_bytes_for_level_multiplier_addtl[3]: 1
2022/07/20-15:40:17.326856 70000c7fd000 Options.max_bytes_for_level_multiplier_addtl[4]: 1
2022/07/20-15:40:17.326857 70000c7fd000 Options.max_bytes_for_level_multiplier_addtl[5]: 1
2022/07/20-15:40:17.326858 70000c7fd000 Options.max_bytes_for_level_multiplier_addtl[6]: 1
2022/07/20-15:40:17.326872 70000c7fd000       Options.max_sequential_skip_in_iterations: 8
2022/07/20-15:40:17.326873 70000c7fd000                    Options.max_compaction_bytes: 1677721600
2022/07/20-15:40:17.326873 70000c7fd000                        Options.arena_block_size: 8388608
2022/07/20-15:40:17.326874 70000c7fd000   Options.soft_pending_compaction_bytes_limit: 68719476736
2022/07/20-15:40:17.326875 70000c7fd000   Options.hard_pending_compaction_bytes_limit: 274877906944
2022/07/20-15:40:17.326876 70000c7fd000       Options.rate_limit_delay_max_milliseconds: 100
2022/07/20-15:40:17.326877 70000c7fd000                Options.disable_auto_compactions: 0
2022/07/20-15:40:17.326878 70000c7fd000                        Options.compaction_style: kCompactionStyleLevel
2022/07/20-15:40:17.326879 70000c7fd000                          Options.compaction_pri: kMinOverlappingRatio
2022/07/20-15:40:17.326880 70000c7fd000 Options.compaction_options_universal.size_ratio: 1
2022/07/20-15:40:17.326880 70000c7fd000 Options.compaction_options_universal.min_merge_width: 2
2022/07/20-15:40:17.326881 70000c7fd000 Options.compaction_options_universal.max_merge_width: 4294967295
2022/07/20-15:40:17.326882 70000c7fd000 Options.compaction_options_universal.max_size_amplification_percent: 200
2022/07/20-15:40:17.326883 70000c7fd000 Options.compaction_options_universal.compression_size_percent: -1
2022/07/20-15:40:17.326884 70000c7fd000 Options.compaction_options_universal.stop_style: kCompactionStopStyleTotalSize
2022/07/20-15:40:17.326885 70000c7fd000 Options.compaction_options_fifo.max_table_files_size: 1073741824
2022/07/20-15:40:17.326886 70000c7fd000 Options.compaction_options_fifo.allow_compaction: 0
2022/07/20-15:40:17.326887 70000c7fd000                   Options.table_properties_collectors: 
2022/07/20-15:40:17.326888 70000c7fd000                   Options.inplace_update_support: 0
2022/07/20-15:40:17.326888 70000c7fd000                 Options.inplace_update_num_locks: 10000
2022/07/20-15:40:17.326889 70000c7fd000               Options.memtable_prefix_bloom_size_ratio: 0.000000
2022/07/20-15:40:17.326890 70000c7fd000               Options.memtable_whole_key_filtering: 0
2022/07/20-15:40:17.326891 70000c7fd000   Options.memtable_huge_page_size: 0
2022/07/20-15:40:17.326892 70000c7fd000                           Options.bloom_locality: 0
2022/07/20-15:40:17.326893 70000c7fd000                    Options.max_successive_merges: 0
2022/07/20-15:40:17.326894 70000c7fd000                Options.optimize_filters_for_hits: 0
2022/07/20-15:40:17.326894 70000c7fd000                Options.paranoid_file_checks: 0
2022/07/20-15:40:17.326895 70000c7fd000                Options.force_consistency_checks: 1
2022/07/20-15:40:17.326896 70000c7fd000                Options.report_bg_io_stats: 0
2022/07/20-15:40:17.326897 70000c7fd000                               Options.ttl: 0
2022/07/20-15:40:17.326898 70000c7fd000          Options.periodic_compaction_seconds: 0
2022/07/20-15:40:17.326898 70000c7fd000                    Options.enable_blob_files: false
2022/07/20-15:40:17.326899 70000c7fd000                        Options.min_blob_size: 0
2022/07/20-15:40:17.326900 70000c7fd000                       Options.blob_file_size: 268435456
2022/07/20-15:40:17.326901 70000c7fd000                Options.blob_compression_type: NoCompression
2022/07/20-15:40:17.326902 70000c7fd000       Options.enable_blob_garbage_collection: false
2022/07/20-15:40:17.326902 70000c7fd000   Options.blob_garbage_collection_age_cutoff: 0.250000
2022/07/20-15:40:17.326936 70000c7fd000 [/column_family.cc:597] --------------- Options for column family []:
2022/07/20-15:40:17.326938 70000c7fd000               Options.comparator: leveldb.BytewiseComparator
2022/07/20-15:40:17.326939 70000c7fd000           Options.merge_operator: None
2022/07/20-15:40:17.326939 70000c7fd000        Options.compaction_filter: None
2022/07/20-15:40:17.326940 70000c7fd000        Options.compaction_filter_factory: None
2022/07/20-15:40:17.326941 70000c7fd000  Options.sst_partitioner_factory: None
2022/07/20-15:40:17.326958 70000c7fd000         Options.memtable_factory: SkipListFactory
2022/07/20-15:40:17.326959 70000c7fd000            Options.table_factory: BlockBasedTable
2022/07/20-15:40:17.326968 70000c7fd000            table_factory options:   flush_block_policy_factory: FlushBlockBySizePolicyFactory (0x7fdc9bcf4470)
  cache_index_and_filter_blocks: 0
  cache_index_and_filter_blocks_with_high_priority: 1
  pin_l0_filter_and_index_blocks_in_cache: 0
  pin_top_level_index_and_filter: 1
  index_type: 0
  data_block_index_type: 0
  index_shortening: 1
  data_block_hash_table_util_ratio: 0.750000
  hash_index_allow_collision: 1
  checksum: 1
  no_block_cache: 0
  block_cache: 0x7fdc9bcf44b8
  block_cache_name: LRUCache
  block_cache_options:
    capacity : 8388608
    num_shard_bits : 4
    strict_capacity_limit : 0
    memory_allocator : None
    high_pri_pool_ratio: 0.000
  block_cache_compressed: 0x0
  persistent_cache: 0x0
  block_size: 4096
  block_size_deviation: 10
  block_restart_interval: 16
  index_block_restart_interval: 1
  metadata_block_size: 4096
  partition_filters: 0
  use_delta_encoding: 1
  filter_policy: nullptr
  whole_key_filtering: 1
  verify_compression: 0
  read_amp_bytes_per_bit: 0
  format_version: 4
  enable_index_compression: 1
  block_align: 0
2022/07/20-15:40:17.326969 70000c7fd000        Options.write_buffer_size: 67108864
2022/07/20-15:40:17.326970 70000c7fd000  Options.max_write_buffer_number: 2
2022/07/20-15:40:17.326971 70000c7fd000          Options.compression: Snappy
2022/07/20-15:40:17.326971 70000c7fd000                  Options.bottommost_compression: Disabled
2022/07/20-15:40:17.326972 70000c7fd000       Options.prefix_extractor: nullptr
2022/07/20-15:40:17.326973 70000c7fd000   Options.memtable_insert_with_hint_prefix_extractor: nullptr
2022/07/20-15:40:17.326974 70000c7fd000             Options.num_levels: 7
2022/07/20-15:40:17.326975 70000c7fd000        Options.min_write_buffer_number_to_merge: 1
2022/07/20-15:40:17.326976 70000c7fd000     Options.max_write_buffer_number_to_maintain: 0
2022/07/20-15:40:17.326976 70000c7fd000     Options.max_write_buffer_size_to_maintain: 134217728
2022/07/20-15:40:17.326977 70000c7fd000            Options.bottommost_compression_opts.window_bits: -14
2022/07/20-15:40:17.326978 70000c7fd000                  Options.bottommost_compression_opts.level: 32767
2022/07/20-15:40:17.326979 70000c7fd000               Options.bottommost_compression_opts.strategy: 0
2022/07/20-15:40:17.326980 70000c7fd000         Options.bottommost_compression_opts.max_dict_bytes: 0
2022/07/20-15:40:17.326981 70000c7fd000         Options.bottommost_compression_opts.zstd_max_train_bytes: 0
2022/07/20-15:40:17.326981 70000c7fd000         Options.bottommost_compression_opts.parallel_threads: 1
2022/07/20-15:40:17.326982 70000c7fd000                  Options.bottommost_compression_opts.enabled: false
2022/07/20-15:40:17.326983 70000c7fd000            Options.compression_opts.window_bits: -14
