2022/07/21-11:46:13.188274 7000100db000 RocksDB version: 6.15.2
2022/07/21-11:46:13.188344 7000100db000 Git sha rocksdb_build_git_sha:ca8082762f736a665b75fa1d39468856071bc3a9
2022/07/21-11:46:13.188346 7000100db000 Compile date Jan  4 2021
2022/07/21-11:46:13.188372 7000100db000 DB SUMMARY
2022/07/21-11:46:13.188374 7000100db000 DB Session ID:  BI8YO7KY6S9KEL3BTPAA
2022/07/21-11:46:13.188469 7000100db000 CURRENT file:  CURRENT
2022/07/21-11:46:13.188471 7000100db000 IDENTITY file:  IDENTITY
2022/07/21-11:46:13.188493 7000100db000 MANIFEST file:  MANIFEST-000037 size: 1029 Bytes
2022/07/21-11:46:13.188495 7000100db000 SST files in /Users/a10403/Desktop/besu_network/node2/data/database dir, Total Num: 5, files: 000022.sst 000023.sst 000029.sst 000030.sst 000036.sst 
2022/07/21-11:46:13.188496 7000100db000 Write Ahead Log file in /Users/a10403/Desktop/besu_network/node2/data/database: 000038.log size: 65065 ; 
2022/07/21-11:46:13.188498 7000100db000                         Options.error_if_exists: 0
2022/07/21-11:46:13.188501 7000100db000                       Options.create_if_missing: 1
2022/07/21-11:46:13.188502 7000100db000                         Options.paranoid_checks: 1
2022/07/21-11:46:13.188502 7000100db000                               Options.track_and_verify_wals_in_manifest: 0
2022/07/21-11:46:13.188503 7000100db000                                     Options.env: 0x13ad9cb08
2022/07/21-11:46:13.188504 7000100db000                                      Options.fs: Posix File System
2022/07/21-11:46:13.188505 7000100db000                                Options.info_log: 0x7fae6744bda0
2022/07/21-11:46:13.188506 7000100db000                Options.max_file_opening_threads: 16
2022/07/21-11:46:13.188507 7000100db000                              Options.statistics: 0x7fae67448680
2022/07/21-11:46:13.188508 7000100db000                               Options.use_fsync: 0
2022/07/21-11:46:13.188508 7000100db000                       Options.max_log_file_size: 0
2022/07/21-11:46:13.188509 7000100db000                  Options.max_manifest_file_size: 1073741824
2022/07/21-11:46:13.188510 7000100db000                   Options.log_file_time_to_roll: 0
2022/07/21-11:46:13.188511 7000100db000                       Options.keep_log_file_num: 1000
2022/07/21-11:46:13.188512 7000100db000                    Options.recycle_log_file_num: 0
2022/07/21-11:46:13.188512 7000100db000                         Options.allow_fallocate: 1
2022/07/21-11:46:13.188513 7000100db000                        Options.allow_mmap_reads: 0
2022/07/21-11:46:13.188514 7000100db000                       Options.allow_mmap_writes: 0
2022/07/21-11:46:13.188515 7000100db000                        Options.use_direct_reads: 0
2022/07/21-11:46:13.188515 7000100db000                        Options.use_direct_io_for_flush_and_compaction: 0
2022/07/21-11:46:13.188516 7000100db000          Options.create_missing_column_families: 1
2022/07/21-11:46:13.188517 7000100db000                              Options.db_log_dir: 
2022/07/21-11:46:13.188518 7000100db000                                 Options.wal_dir: /Users/a10403/Desktop/besu_network/node2/data/database
2022/07/21-11:46:13.188518 7000100db000                Options.table_cache_numshardbits: 6
2022/07/21-11:46:13.188520 7000100db000                         Options.WAL_ttl_seconds: 0
2022/07/21-11:46:13.188521 7000100db000                       Options.WAL_size_limit_MB: 0
2022/07/21-11:46:13.188522 7000100db000                        Options.max_write_batch_group_size_bytes: 1048576
2022/07/21-11:46:13.188523 7000100db000             Options.manifest_preallocation_size: 4194304
2022/07/21-11:46:13.188524 7000100db000                     Options.is_fd_close_on_exec: 1
2022/07/21-11:46:13.188524 7000100db000                   Options.advise_random_on_open: 1
2022/07/21-11:46:13.188525 7000100db000                    Options.db_write_buffer_size: 0
2022/07/21-11:46:13.188526 7000100db000                    Options.write_buffer_manager: 0x7fae6744b7d0
2022/07/21-11:46:13.188527 7000100db000         Options.access_hint_on_compaction_start: 1
2022/07/21-11:46:13.188527 7000100db000  Options.new_table_reader_for_compaction_inputs: 0
2022/07/21-11:46:13.188551 7000100db000           Options.random_access_max_buffer_size: 1048576
2022/07/21-11:46:13.188552 7000100db000                      Options.use_adaptive_mutex: 0
2022/07/21-11:46:13.188553 7000100db000                            Options.rate_limiter: 0x0
2022/07/21-11:46:13.188555 7000100db000     Options.sst_file_manager.rate_bytes_per_sec: 0
2022/07/21-11:46:13.188556 7000100db000                       Options.wal_recovery_mode: 2
2022/07/21-11:46:13.188557 7000100db000                  Options.enable_thread_tracking: 0
2022/07/21-11:46:13.188558 7000100db000                  Options.enable_pipelined_write: 0
2022/07/21-11:46:13.188559 7000100db000                  Options.unordered_write: 0
2022/07/21-11:46:13.188559 7000100db000         Options.allow_concurrent_memtable_write: 1
2022/07/21-11:46:13.188560 7000100db000      Options.enable_write_thread_adaptive_yield: 1
2022/07/21-11:46:13.188561 7000100db000             Options.write_thread_max_yield_usec: 100
2022/07/21-11:46:13.188562 7000100db000            Options.write_thread_slow_yield_usec: 3
2022/07/21-11:46:13.188563 7000100db000                               Options.row_cache: None
2022/07/21-11:46:13.188563 7000100db000                              Options.wal_filter: None
2022/07/21-11:46:13.188564 7000100db000             Options.avoid_flush_during_recovery: 0
2022/07/21-11:46:13.188565 7000100db000             Options.allow_ingest_behind: 0
2022/07/21-11:46:13.188566 7000100db000             Options.preserve_deletes: 0
2022/07/21-11:46:13.188567 7000100db000             Options.two_write_queues: 0
2022/07/21-11:46:13.188567 7000100db000             Options.manual_wal_flush: 0
2022/07/21-11:46:13.188568 7000100db000             Options.atomic_flush: 0
2022/07/21-11:46:13.188569 7000100db000             Options.avoid_unnecessary_blocking_io: 0
2022/07/21-11:46:13.188570 7000100db000                 Options.persist_stats_to_disk: 0
2022/07/21-11:46:13.188570 7000100db000                 Options.write_dbid_to_manifest: 0
2022/07/21-11:46:13.188571 7000100db000                 Options.log_readahead_size: 0
2022/07/21-11:46:13.188572 7000100db000                 Options.file_checksum_gen_factory: Unknown
2022/07/21-11:46:13.188573 7000100db000                 Options.best_efforts_recovery: 0
2022/07/21-11:46:13.188574 7000100db000                Options.max_bgerror_resume_count: 2147483647
2022/07/21-11:46:13.188574 7000100db000            Options.bgerror_resume_retry_interval: 1000000
2022/07/21-11:46:13.188575 7000100db000             Options.allow_data_in_errors: 0
2022/07/21-11:46:13.188576 7000100db000             Options.db_host_id: __hostname__
2022/07/21-11:46:13.188577 7000100db000             Options.max_background_jobs: 2
2022/07/21-11:46:13.188578 7000100db000             Options.max_background_compactions: 4
2022/07/21-11:46:13.188578 7000100db000             Options.max_subcompactions: 1
2022/07/21-11:46:13.188579 7000100db000             Options.avoid_flush_during_shutdown: 0
2022/07/21-11:46:13.188580 7000100db000           Options.writable_file_max_buffer_size: 1048576
2022/07/21-11:46:13.188581 7000100db000             Options.delayed_write_rate : 16777216
2022/07/21-11:46:13.188581 7000100db000             Options.max_total_wal_size: 0
2022/07/21-11:46:13.188582 7000100db000             Options.delete_obsolete_files_period_micros: 21600000000
2022/07/21-11:46:13.188583 7000100db000                   Options.stats_dump_period_sec: 600
2022/07/21-11:46:13.188584 7000100db000                 Options.stats_persist_period_sec: 600
2022/07/21-11:46:13.188585 7000100db000                 Options.stats_history_buffer_size: 1048576
2022/07/21-11:46:13.188585 7000100db000                          Options.max_open_files: 1024
2022/07/21-11:46:13.188586 7000100db000                          Options.bytes_per_sync: 0
2022/07/21-11:46:13.188587 7000100db000                      Options.wal_bytes_per_sync: 0
2022/07/21-11:46:13.188588 7000100db000                   Options.strict_bytes_per_sync: 0
2022/07/21-11:46:13.188602 7000100db000       Options.compaction_readahead_size: 0
2022/07/21-11:46:13.188603 7000100db000                  Options.max_background_flushes: -1
2022/07/21-11:46:13.188604 7000100db000 Compression algorithms supported:
2022/07/21-11:46:13.188607 7000100db000 	kZSTD supported: 1
2022/07/21-11:46:13.188609 7000100db000 	kZlibCompression supported: 1
2022/07/21-11:46:13.188609 7000100db000 	kXpressCompression supported: 0
2022/07/21-11:46:13.188610 7000100db000 	kSnappyCompression supported: 1
2022/07/21-11:46:13.188611 7000100db000 	kZSTDNotFinalCompression supported: 1
2022/07/21-11:46:13.188612 7000100db000 	kLZ4HCCompression supported: 1
2022/07/21-11:46:13.188613 7000100db000 	kLZ4Compression supported: 1
2022/07/21-11:46:13.188613 7000100db000 	kBZip2Compression supported: 1
2022/07/21-11:46:13.188617 7000100db000 Fast CRC32 supported: Not supported on x86
2022/07/21-11:46:13.189277 7000100db000 [/version_set.cc:4725] Recovering from manifest file: /Users/a10403/Desktop/besu_network/node2/data/database/MANIFEST-000037
2022/07/21-11:46:13.189373 7000100db000 [/column_family.cc:597] --------------- Options for column family [default]:
2022/07/21-11:46:13.189376 7000100db000               Options.comparator: leveldb.BytewiseComparator
2022/07/21-11:46:13.189377 7000100db000           Options.merge_operator: None
2022/07/21-11:46:13.189378 7000100db000        Options.compaction_filter: None
2022/07/21-11:46:13.189379 7000100db000        Options.compaction_filter_factory: None
2022/07/21-11:46:13.189380 7000100db000  Options.sst_partitioner_factory: None
2022/07/21-11:46:13.189381 7000100db000         Options.memtable_factory: SkipListFactory
2022/07/21-11:46:13.189381 7000100db000            Options.table_factory: BlockBasedTable
2022/07/21-11:46:13.189400 7000100db000            table_factory options:   flush_block_policy_factory: FlushBlockBySizePolicyFactory (0x7fae67447410)
  cache_index_and_filter_blocks: 0
  cache_index_and_filter_blocks_with_high_priority: 1
  pin_l0_filter_and_index_blocks_in_cache: 0
  pin_top_level_index_and_filter: 1
  index_type: 0
  data_block_index_type: 0
  index_shortening: 1
  data_block_hash_table_util_ratio: 0.750000
  hash_index_allow_collision: 1
  checksum: 1
  no_block_cache: 0
  block_cache: 0x7fae67446ae8
  block_cache_name: LRUCache
  block_cache_options:
    capacity : 8388608
    num_shard_bits : 4
    strict_capacity_limit : 0
    memory_allocator : None
    high_pri_pool_ratio: 0.000
  block_cache_compressed: 0x0
  persistent_cache: 0x0
  block_size: 4096
  block_size_deviation: 10
  block_restart_interval: 16
  index_block_restart_interval: 1
  metadata_block_size: 4096
  partition_filters: 0
  use_delta_encoding: 1
  filter_policy: nullptr
  whole_key_filtering: 1
  verify_compression: 0
  read_amp_bytes_per_bit: 0
  format_version: 4
  enable_index_compression: 1
  block_align: 0
2022/07/21-11:46:13.189403 7000100db000        Options.write_buffer_size: 67108864
2022/07/21-11:46:13.189404 7000100db000  Options.max_write_buffer_number: 2
2022/07/21-11:46:13.189405 7000100db000          Options.compression: Snappy
2022/07/21-11:46:13.189406 7000100db000                  Options.bottommost_compression: Disabled
2022/07/21-11:46:13.189407 7000100db000       Options.prefix_extractor: nullptr
2022/07/21-11:46:13.189408 7000100db000   Options.memtable_insert_with_hint_prefix_extractor: nullptr
2022/07/21-11:46:13.189409 7000100db000             Options.num_levels: 7
2022/07/21-11:46:13.189410 7000100db000        Options.min_write_buffer_number_to_merge: 1
2022/07/21-11:46:13.189411 7000100db000     Options.max_write_buffer_number_to_maintain: 0
2022/07/21-11:46:13.189412 7000100db000     Options.max_write_buffer_size_to_maintain: 134217728
2022/07/21-11:46:13.189413 7000100db000            Options.bottommost_compression_opts.window_bits: -14
2022/07/21-11:46:13.189414 7000100db000                  Options.bottommost_compression_opts.level: 32767
2022/07/21-11:46:13.189415 7000100db000               Options.bottommost_compression_opts.strategy: 0
2022/07/21-11:46:13.189440 7000100db000         Options.bottommost_compression_opts.max_dict_bytes: 0
2022/07/21-11:46:13.189442 7000100db000         Options.bottommost_compression_opts.zstd_max_train_bytes: 0
2022/07/21-11:46:13.189443 7000100db000         Options.bottommost_compression_opts.parallel_threads: 1
2022/07/21-11:46:13.189444 7000100db000                  Options.bottommost_compression_opts.enabled: false
2022/07/21-11:46:13.189445 7000100db000            Options.compression_opts.window_bits: -14
2022/07/21-11:46:13.189446 7000100db000                  Options.compression_opts.level: 32767
2022/07/21-11:46:13.189447 7000100db000               Options.compression_opts.strategy: 0
2022/07/21-11:46:13.189448 7000100db000         Options.compression_opts.max_dict_bytes: 0
2022/07/21-11:46:13.189449 7000100db000         Options.compression_opts.zstd_max_train_bytes: 0
2022/07/21-11:46:13.189450 7000100db000         Options.compression_opts.parallel_threads: 1
2022/07/21-11:46:13.189450 7000100db000                  Options.compression_opts.enabled: false
2022/07/21-11:46:13.189451 7000100db000      Options.level0_file_num_compaction_trigger: 4
2022/07/21-11:46:13.189452 7000100db000          Options.level0_slowdown_writes_trigger: 20
2022/07/21-11:46:13.189453 7000100db000              Options.level0_stop_writes_trigger: 36
2022/07/21-11:46:13.189454 7000100db000                   Options.target_file_size_base: 67108864
2022/07/21-11:46:13.189455 7000100db000             Options.target_file_size_multiplier: 1
2022/07/21-11:46:13.189456 7000100db000                Options.max_bytes_for_level_base: 268435456
2022/07/21-11:46:13.189457 7000100db000 Options.level_compaction_dynamic_level_bytes: 0
2022/07/21-11:46:13.189458 7000100db000          Options.max_bytes_for_level_multiplier: 10.000000
2022/07/21-11:46:13.189459 7000100db000 Options.max_bytes_for_level_multiplier_addtl[0]: 1
2022/07/21-11:46:13.189461 7000100db000 Options.max_bytes_for_level_multiplier_addtl[1]: 1
2022/07/21-11:46:13.189462 7000100db000 Options.max_bytes_for_level_multiplier_addtl[2]: 1
2022/07/21-11:46:13.189463 7000100db000 Options.max_bytes_for_level_multiplier_addtl[3]: 1
2022/07/21-11:46:13.189463 7000100db000 Options.max_bytes_for_level_multiplier_addtl[4]: 1
2022/07/21-11:46:13.189465 7000100db000 Options.max_bytes_for_level_multiplier_addtl[5]: 1
2022/07/21-11:46:13.189466 7000100db000 Options.max_bytes_for_level_multiplier_addtl[6]: 1
2022/07/21-11:46:13.189467 7000100db000       Options.max_sequential_skip_in_iterations: 8
2022/07/21-11:46:13.189468 7000100db000                    Options.max_compaction_bytes: 1677721600
2022/07/21-11:46:13.189469 7000100db000                        Options.arena_block_size: 8388608
2022/07/21-11:46:13.189470 7000100db000   Options.soft_pending_compaction_bytes_limit: 68719476736
2022/07/21-11:46:13.189471 7000100db000   Options.hard_pending_compaction_bytes_limit: 274877906944
2022/07/21-11:46:13.189471 7000100db000       Options.rate_limit_delay_max_milliseconds: 100
2022/07/21-11:46:13.189472 7000100db000                Options.disable_auto_compactions: 0
2022/07/21-11:46:13.189474 7000100db000                        Options.compaction_style: kCompactionStyleLevel
2022/07/21-11:46:13.189475 7000100db000                          Options.compaction_pri: kMinOverlappingRatio
2022/07/21-11:46:13.189476 7000100db000 Options.compaction_options_universal.size_ratio: 1
2022/07/21-11:46:13.189477 7000100db000 Options.compaction_options_universal.min_merge_width: 2
2022/07/21-11:46:13.189478 7000100db000 Options.compaction_options_universal.max_merge_width: 4294967295
2022/07/21-11:46:13.189479 7000100db000 Options.compaction_options_universal.max_size_amplification_percent: 200
2022/07/21-11:46:13.189480 7000100db000 Options.compaction_options_universal.compression_size_percent: -1
2022/07/21-11:46:13.189481 7000100db000 Options.compaction_options_universal.stop_style: kCompactionStopStyleTotalSize
2022/07/21-11:46:13.189482 7000100db000 Options.compaction_options_fifo.max_table_files_size: 1073741824
2022/07/21-11:46:13.189498 7000100db000 Options.compaction_options_fifo.allow_compaction: 0
2022/07/21-11:46:13.189505 7000100db000                   Options.table_properties_collectors: 
2022/07/21-11:46:13.189506 7000100db000                   Options.inplace_update_support: 0
2022/07/21-11:46:13.189509 7000100db000                 Options.inplace_update_num_locks: 10000
2022/07/21-11:46:13.189509 7000100db000               Options.memtable_prefix_bloom_size_ratio: 0.000000
2022/07/21-11:46:13.189510 7000100db000               Options.memtable_whole_key_filtering: 0
2022/07/21-11:46:13.189511 7000100db000   Options.memtable_huge_page_size: 0
2022/07/21-11:46:13.189512 7000100db000                           Options.bloom_locality: 0
2022/07/21-11:46:13.189513 7000100db000                    Options.max_successive_merges: 0
2022/07/21-11:46:13.189514 7000100db000                Options.optimize_filters_for_hits: 0
2022/07/21-11:46:13.189514 7000100db000                Options.paranoid_file_checks: 0
2022/07/21-11:46:13.189515 7000100db000                Options.force_consistency_checks: 1
2022/07/21-11:46:13.189516 7000100db000                Options.report_bg_io_stats: 0
2022/07/21-11:46:13.189517 7000100db000                               Options.ttl: 0
2022/07/21-11:46:13.189518 7000100db000          Options.periodic_compaction_seconds: 0
2022/07/21-11:46:13.189518 7000100db000                    Options.enable_blob_files: false
2022/07/21-11:46:13.189519 7000100db000                        Options.min_blob_size: 0
2022/07/21-11:46:13.189520 7000100db000                       Options.blob_file_size: 268435456
2022/07/21-11:46:13.189521 7000100db000                Options.blob_compression_type: NoCompression
2022/07/21-11:46:13.189522 7000100db000       Options.enable_blob_garbage_collection: false
2022/07/21-11:46:13.189523 7000100db000   Options.blob_garbage_collection_age_cutoff: 0.250000
2022/07/21-11:46:13.189915 7000100db000 [/column_family.cc:597] --------------- Options for column family []:
2022/07/21-11:46:13.189919 7000100db000               Options.comparator: leveldb.BytewiseComparator
2022/07/21-11:46:13.189920 7000100db000           Options.merge_operator: None
2022/07/21-11:46:13.189921 7000100db000        Options.compaction_filter: None
2022/07/21-11:46:13.189922 7000100db000        Options.compaction_filter_factory: None
2022/07/21-11:46:13.189923 7000100db000  Options.sst_partitioner_factory: None
2022/07/21-11:46:13.189924 7000100db000         Options.memtable_factory: SkipListFactory
2022/07/21-11:46:13.189925 7000100db000            Options.table_factory: BlockBasedTable
2022/07/21-11:46:13.189937 7000100db000            table_factory options:   flush_block_policy_factory: FlushBlockBySizePolicyFactory (0x7fae674407d0)
  cache_index_and_filter_blocks: 0
  cache_index_and_filter_blocks_with_high_priority: 1
  pin_l0_filter_and_index_blocks_in_cache: 0
  pin_top_level_index_and_filter: 1
  index_type: 0
  data_block_index_type: 0
  index_shortening: 1
  data_block_hash_table_util_ratio: 0.750000
  hash_index_allow_collision: 1
  checksum: 1
  no_block_cache: 0
  block_cache: 0x7fae67440c28
  block_cache_name: LRUCache
  block_cache_options:
    capacity : 8388608
    num_shard_bits : 4
    strict_capacity_limit : 0
    memory_allocator : None
    high_pri_pool_ratio: 0.000
  block_cache_compressed: 0x0
  persistent_cache: 0x0
  block_size: 4096
  block_size_deviation: 10
  block_restart_interval: 16
  index_block_restart_interval: 1
  metadata_block_size: 4096
  partition_filters: 0
  use_delta_encoding: 1
  filter_policy: nullptr
  whole_key_filtering: 1
  verify_compression: 0
  read_amp_bytes_per_bit: 0
  format_version: 4
  enable_index_compression: 1
  block_align: 0
2022/07/21-11:46:13.189939 7000100db000        Options.write_buffer_size: 67108864
2022/07/21-11:46:13.189940 7000100db000  Options.max_write_buffer_number: 2
2022/07/21-11:46:13.189941 7000100db000          Options.compression: Snappy
2022/07/21-11:46:13.189942 7000100db000                  Options.bottommost_compression: Disabled
2022/07/21-11:46:13.189967 7000100db000       Options.prefix_extractor: nullptr
2022/07/21-11:46:13.189968 7000100db000   Options.memtable_insert_with_hint_prefix_extractor: nullptr
2022/07/21-11:46:13.189969 7000100db000             Options.num_levels: 7
2022/07/21-11:46:13.189970 7000100db000        Options.min_write_buffer_number_to_merge: 1
2022/07/21-11:46:13.189971 7000100db000     Options.max_write_buffer_number_to_maintain: 0
2022/07/21-11:46:13.189971 7000100db000     Options.max_write_buffer_size_to_maintain: 134217728
2022/07/21-11:46:13.189972 7000100db000            Options.bottommost_compression_opts.window_bits: -14
2022/07/21-11:46:13.189973 7000100db000                  Options.bottommost_compression_opts.level: 32767
2022/07/21-11:46:13.189974 7000100db000               Options.bottommost_compression_opts.strategy: 0
2022/07/21-11:46:13.189975 7000100db000         Options.bottommost_compression_opts.max_dict_bytes: 0
2022/07/21-11:46:13.189976 7000100db000         Options.bottommost_compression_opts.zstd_max_train_bytes: 0
2022/07/21-11:46:13.189977 7000100db000         Options.bottommost_compression_opts.parallel_threads: 1
2022/07/21-11:46:13.189977 7000100db000                  Options.bottommost_compression_opts.enabled: false
2022/07/21-11:46:13.189978 7000100db000            Options.compression_opts.window_bits: -14
2022/07/21-11:46:13.189979 7000100db000                  Options.compression_opts.level: 32767
2022/07/21-11:46:13.189980 7000100db000               Options.compression_opts.strategy: 0
2022/07/21-11:46:13.189981 7000100db000         Options.compression_opts.max_dict_bytes: 0
2022/07/21-11:46:13.189981 7000100db000         Options.compression_opts.zstd_max_train_bytes: 0
2022/07/21-11:46:13.189982 7000100db000         Options.compression_opts.parallel_threads: 1
2022/07/21-11:46:13.189983 7000100db000                  Options.compression_opts.enabled: false
2022/07/21-11:46:13.189984 7000100db000      Options.level0_file_num_compaction_trigger: 4
2022/07/21-11:46:13.189984 7000100db000          Options.level0_slowdown_writes_trigger: 20
2022/07/21-11:46:13.189985 7000100db000              Options.level0_stop_writes_trigger: 36
2022/07/21-11:46:13.189986 7000100db000                   Options.target_file_size_base: 67108864
2022/07/21-11:46:13.189987 7000100db000             Options.target_file_size_multiplier: 1
2022/07/21-11:46:13.189988 7000100db000                Options.max_bytes_for_level_base: 268435456
2022/07/21-11:46:13.189989 7000100db000 Options.level_compaction_dynamic_level_bytes: 0
2022/07/21-11:46:13.189989 7000100db000          Options.max_bytes_for_level_multiplier: 10.000000
2022/07/21-11:46:13.189991 7000100db000 Options.max_bytes_for_level_multiplier_addtl[0]: 1
2022/07/21-11:46:13.189991 7000100db000 Options.max_bytes_for_level_multiplier_addtl[1]: 1
2022/07/21-11:46:13.189992 7000100db000 Options.max_bytes_for_level_multiplier_addtl[2]: 1
2022/07/21-11:46:13.189993 7000100db000 Options.max_bytes_for_level_multiplier_addtl[3]: 1
2022/07/21-11:46:13.189994 7000100db000 Options.max_bytes_for_level_multiplier_addtl[4]: 1
2022/07/21-11:46:13.189995 7000100db000 Options.max_bytes_for_level_multiplier_addtl[5]: 1
2022/07/21-11:46:13.189995 7000100db000 Options.max_bytes_for_level_multiplier_addtl[6]: 1
2022/07/21-11:46:13.189996 7000100db000       Options.max_sequential_skip_in_iterations: 8
2022/07/21-11:46:13.189997 7000100db000                    Options.max_compaction_bytes: 1677721600
2022/07/21-11:46:13.189998 7000100db000                        Options.arena_block_size: 8388608
2022/07/21-11:46:13.189999 7000100db000   Options.soft_pending_compaction_bytes_limit: 68719476736
2022/07/21-11:46:13.190000 7000100db000   Options.hard_pending_compaction_bytes_limit: 274877906944
2022/07/21-11:46:13.190000 7000100db000       Options.rate_limit_delay_max_milliseconds: 100
2022/07/21-11:46:13.190001 7000100db000                Options.disable_auto_compactions: 0
2022/07/21-11:46:13.190002 7000100db000                        Options.compaction_style: kCompactionStyleLevel
2022/07/21-11:46:13.190017 7000100db000                          Options.compaction_pri: kMinOverlappingRatio
2022/07/21-11:46:13.190019 7000100db000 Options.compaction_options_universal.size_ratio: 1
2022/07/21-11:46:13.190019 7000100db000 Options.compaction_options_universal.min_merge_width: 2
2022/07/21-11:46:13.190020 7000100db000 Options.compaction_options_universal.max_merge_width: 4294967295
2022/07/21-11:46:13.190021 7000100db000 Options.compaction_options_universal.max_size_amplification_percent: 200
2022/07/21-11:46:13.190022 7000100db000 Options.compaction_options_universal.compression_size_percent: -1
2022/07/21-11:46:13.190023 7000100db000 Options.compaction_options_universal.stop_style: kCompactionStopStyleTotalSize
2022/07/21-11:46:13.190024 7000100db000 Options.compaction_options_fifo.max_table_files_size: 1073741824
2022/07/21-11:46:13.190025 7000100db000 Options.compaction_options_fifo.allow_compaction: 0
2022/07/21-11:46:13.190026 7000100db000                   Options.table_properties_collectors: 
2022/07/21-11:46:13.190027 7000100db000                   Options.inplace_update_support: 0
2022/07/21-11:46:13.190028 7000100db000                 Options.inplace_update_num_locks: 10000
2022/07/21-11:46:13.190029 7000100db000               Options.memtable_prefix_bloom_size_ratio: 0.000000
2022/07/21-11:46:13.190030 7000100db000               Options.memtable_whole_key_filtering: 0
2022/07/21-11:46:13.190030 7000100db000   Options.memtable_huge_page_size: 0
2022/07/21-11:46:13.190031 7000100db000                           Options.bloom_locality: 0
2022/07/21-11:46:13.190032 7000100db000                    Options.max_successive_merges: 0
2022/07/21-11:46:13.190033 7000100db000                Options.optimize_filters_for_hits: 0
2022/07/21-11:46:13.190034 7000100db000                Options.paranoid_file_checks: 0
2022/07/21-11:46:13.190034 7000100db000                Options.force_consistency_checks: 1
2022/07/21-11:46:13.190035 7000100db000                Options.report_bg_io_stats: 0
2022/07/21-11:46:13.190036 7000100db000                               Options.ttl: 0
2022/07/21-11:46:13.190037 7000100db000          Options.periodic_compaction_seconds: 0
2022/07/21-11:46:13.190038 7000100db000                    Options.enable_blob_files: false
2022/07/21-11:46:13.190038 7000100db000                        Options.min_blob_size: 0
2022/07/21-11:46:13.190039 7000100db000                       Options.blob_file_size: 268435456
2022/07/21-11:46:13.190040 7000100db000                Options.blob_compression_type: NoCompression
2022/07/21-11:46:13.190041 7000100db000       Options.enable_blob_garbage_collection: false
2022/07/21-11:46:13.190042 7000100db000   Options.blob_garbage_collection_age_cutoff: 0.250000
2022/07/21-11:46:13.190090 7000100db000 [/column_family.cc:597] --------------- Options for column family []:
2022/07/21-11:46:13.190092 7000100db000               Options.comparator: leveldb.BytewiseComparator
2022/07/21-11:46:13.190093 7000100db000           Options.merge_operator: None
2022/07/21-11:46:13.190094 7000100db000        Options.compaction_filter: None
2022/07/21-11:46:13.190094 7000100db000        Options.compaction_filter_factory: None
2022/07/21-11:46:13.190095 7000100db000  Options.sst_partitioner_factory: None
2022/07/21-11:46:13.190096 7000100db000         Options.memtable_factory: SkipListFactory
2022/07/21-11:46:13.190097 7000100db000            Options.table_factory: BlockBasedTable
2022/07/21-11:46:13.190106 7000100db000            table_factory options:   flush_block_policy_factory: FlushBlockBySizePolicyFactory (0x7fae674408a0)
  cache_index_and_filter_blocks: 0
  cache_index_and_filter_blocks_with_high_priority: 1
  pin_l0_filter_and_index_blocks_in_cache: 0
  pin_top_level_index_and_filter: 1
  index_type: 0
  data_block_index_type: 0
  index_shortening: 1
  data_block_hash_table_util_ratio: 0.750000
  hash_index_allow_collision: 1
  checksum: 1
  no_block_cache: 0
  block_cache: 0x7fae67441a28
  block_cache_name: LRUCache
  block_cache_options:
    capacity : 8388608
    num_shard_bits : 4
    strict_capacity_limit : 0
    memory_allocator : None
    high_pri_pool_ratio: 0.000
  block_cache_compressed: 0x0
  persistent_cache: 0x0
  block_size: 4096
  block_size_deviation: 10
  block_restart_interval: 16
  index_block_restart_interval: 1
  metadata_block_size: 4096
  partition_filters: 0
  use_delta_encoding: 1
  filter_policy: nullptr
  whole_key_filtering: 1
  verify_compression: 0
  read_amp_bytes_per_bit: 0
  format_version: 4
  enable_index_compression: 1
  block_align: 0
2022/07/21-11:46:13.190123 7000100db000        Options.write_buffer_size: 67108864
2022/07/21-11:46:13.190125 7000100db000  Options.max_write_buffer_number: 2
2022/07/21-11:46:13.190125 7000100db000          Options.compression: Snappy
2022/07/21-11:46:13.190126 7000100db000                  Options.bottommost_compression: Disabled
2022/07/21-11:46:13.190127 7000100db000       Options.prefix_extractor: nullptr
2022/07/21-11:46:13.190128 7000100db000   Options.memtable_insert_with_hint_prefix_extractor: nullptr
2022/07/21-11:46:13.190129 7000100db000             Options.num_levels: 7
2022/07/21-11:46:13.190130 7000100db000        Options.min_write_buffer_number_to_merge: 1
2022/07/21-11:46:13.190130 7000100db000     Options.max_write_buffer_number_to_maintain: 0
2022/07/21-11:46:13.190131 7000100db000     Options.max_write_buffer_size_to_maintain: 134217728
2022/07/21-11:46:13.190132 7000100db000            Options.bottommost_compression_opts.window_bits: -14
2022/07/21-11:46:13.190133 7000100db000                  Options.bottommost_compression_opts.level: 32767
2022/07/21-11:46:13.190134 7000100db000               Options.bottommost_compression_opts.strategy: 0
2022/07/21-11:46:13.190135 7000100db000         Options.bottommost_compression_opts.max_dict_bytes: 0
2022/07/21-11:46:13.190135 7000100db000         Options.bottommost_compression_opts.zstd_max_train_bytes: 0
2022/07/21-11:46:13.190136 7000100db000         Options.bottommost_compression_opts.parallel_threads: 1
2022/07/21-11:46:13.190137 7000100db000                  Options.bottommost_compression_opts.enabled: false
2022/07/21-11:46:13.190138 7000100db000            Options.compression_opts.window_bits: -14
2022/07/21-11:46:13.190139 7000100db000                  Options.compression_opts.level: 32767
2022/07/21-11:46:13.190139 7000100db000               Options.compression_opts.strategy: 0
2022/07/21-11:46:13.190140 7000100db000         Options.compression_opts.max_dict_bytes: 0
2022/07/21-11:46:13.190141 7000100db000         Options.compression_opts.zstd_max_train_bytes: 0
2022/07/21-11:46:13.190142 7000100db000         Options.compression_opts.parallel_threads: 1
2022/07/21-11:46:13.190143 7000100db000                  Options.compression_opts.enabled: false
2022/07/21-11:46:13.190143 7000100db000      Options.level0_file_num_compaction_trigger: 4
2022/07/21-11:46:13.190144 7000100db000          Options.level0_slowdown_writes_trigger: 20
2022/07/21-11:46:13.190145 7000100db000              Options.level0_stop_writes_trigger: 36
2022/07/21-11:46:13.190146 7000100db000                   Options.target_file_size_base: 67108864
2022/07/21-11:46:13.190146 7000100db000             Options.target_file_size_multiplier: 1
2022/07/21-11:46:13.190147 7000100db000                Options.max_bytes_for_level_base: 268435456
2022/07/21-11:46:13.190148 7000100db000 Options.level_compaction_dynamic_level_bytes: 0
2022/07/21-11:46:13.190149 7000100db000          Options.max_bytes_for_level_multiplier: 10.000000
2022/07/21-11:46:13.190150 7000100db000 Options.max_bytes_for_level_multiplier_addtl[0]: 1
2022/07/21-11:46:13.190151 7000100db000 Options.max_bytes_for_level_multiplier_addtl[1]: 1
2022/07/21-11:46:13.190152 7000100db000 Options.max_bytes_for_level_multiplier_addtl[2]: 1
2022/07/21-11:46:13.190153 7000100db000 Options.max_bytes_for_level_multiplier_addtl[3]: 1
2022/07/21-11:46:13.190153 7000100db000 Options.max_bytes_for_level_multiplier_addtl[4]: 1
2022/07/21-11:46:13.190154 7000100db000 Options.max_bytes_for_level_multiplier_addtl[5]: 1
2022/07/21-11:46:13.190155 7000100db000 Options.max_bytes_for_level_multiplier_addtl[6]: 1
2022/07/21-11:46:13.190169 7000100db000       Options.max_sequential_skip_in_iterations: 8
2022/07/21-11:46:13.190170 7000100db000                    Options.max_compaction_bytes: 1677721600
2022/07/21-11:46:13.190171 7000100db000                        Options.arena_block_size: 8388608
2022/07/21-11:46:13.190172 7000100db000   Options.soft_pending_compaction_bytes_limit: 68719476736
2022/07/21-11:46:13.190172 7000100db000   Options.hard_pending_compaction_bytes_limit: 274877906944
2022/07/21-11:46:13.190173 7000100db000       Options.rate_limit_delay_max_milliseconds: 100
2022/07/21-11:46:13.190174 7000100db000                Options.disable_auto_compactions: 0
2022/07/21-11:46:13.190175 7000100db000                        Options.compaction_style: kCompactionStyleLevel
2022/07/21-11:46:13.190176 7000100db000                          Options.compaction_pri: kMinOverlappingRatio
2022/07/21-11:46:13.190177 7000100db000 Options.compaction_options_universal.size_ratio: 1
2022/07/21-11:46:13.190177 7000100db000 Options.compaction_options_universal.min_merge_width: 2
2022/07/21-11:46:13.190178 7000100db000 Options.compaction_options_universal.max_merge_width: 4294967295
2022/07/21-11:46:13.190179 7000100db000 Options.compaction_options_universal.max_size_amplification_percent: 200
2022/07/21-11:46:13.190180 7000100db000 Options.compaction_options_universal.compression_size_percent: -1
2022/07/21-11:46:13.190181 7000100db000 Options.compaction_options_universal.stop_style: kCompactionStopStyleTotalSize
2022/07/21-11:46:13.190182 7000100db000 Options.compaction_options_fifo.max_table_files_size: 1073741824
2022/07/21-11:46:13.190183 7000100db000 Options.compaction_options_fifo.allow_compaction: 0
2022/07/21-11:46:13.190184 7000100db000                   Options.table_properties_collectors: 
2022/07/21-11:46:13.190188 7000100db000                   Options.inplace_update_support: 0
2022/07/21-11:46:13.190189 7000100db000                 Options.inplace_update_num_locks: 10000
2022/07/21-11:46:13.190189 7000100db000               Options.memtable_prefix_bloom_size_ratio: 0.000000
2022/07/21-11:46:13.190190 7000100db000               Options.memtable_whole_key_filtering: 0
2022/07/21-11:46:13.190191 7000100db000   Options.memtable_huge_page_size: 0
2022/07/21-11:46:13.190192 7000100db000                           Options.bloom_locality: 0
2022/07/21-11:46:13.190193 7000100db000                    Options.max_successive_merges: 0
2022/07/21-11:46:13.190194 7000100db000                Options.optimize_filters_for_hits: 0
2022/07/21-11:46:13.190194 7000100db000                Options.paranoid_file_checks: 0
2022/07/21-11:46:13.190195 7000100db000                Options.force_consistency_checks: 1
2022/07/21-11:46:13.190196 7000100db000                Options.report_bg_io_stats: 0
2022/07/21-11:46:13.190197 7000100db000                               Options.ttl: 0
2022/07/21-11:46:13.190197 7000100db000          Options.periodic_compaction_seconds: 0
2022/07/21-11:46:13.190198 7000100db000                    Options.enable_blob_files: false
2022/07/21-11:46:13.190199 7000100db000                        Options.min_blob_size: 0
2022/07/21-11:46:13.190200 7000100db000                       Options.blob_file_size: 268435456
2022/07/21-11:46:13.190201 7000100db000                Options.blob_compression_type: NoCompression
2022/07/21-11:46:13.190202 7000100db000       Options.enable_blob_garbage_collection: false
2022/07/21-11:46:13.190202 7000100db000   Options.blob_garbage_collection_age_cutoff: 0.250000
2022/07/21-11:46:13.190242 7000100db000 [/column_family.cc:597] --------------- Options for column family []:
2022/07/21-11:46:13.190244 7000100db000               Options.comparator: leveldb.BytewiseComparator
2022/07/21-11:46:13.190244 7000100db000           Options.merge_operator: None
2022/07/21-11:46:13.190245 7000100db000        Options.compaction_filter: None
2022/07/21-11:46:13.190246 7000100db000        Options.compaction_filter_factory: None
2022/07/21-11:46:13.190247 7000100db000  Options.sst_partitioner_factory: None
2022/07/21-11:46:13.190263 7000100db000         Options.memtable_factory: SkipListFactory
2022/07/21-11:46:13.190264 7000100db000            Options.table_factory: BlockBasedTable
2022/07/21-11:46:13.190273 7000100db000            table_factory options:   flush_block_policy_factory: FlushBlockBySizePolicyFactory (0x7fae674427e0)
  cache_index_and_filter_blocks: 0
  cache_index_and_filter_blocks_with_high_priority: 1
  pin_l0_filter_and_index_blocks_in_cache: 0
  pin_top_level_index_and_filter: 1
  index_type: 0
  data_block_index_type: 0
  index_shortening: 1
  data_block_hash_table_util_ratio: 0.750000
  hash_index_allow_collision: 1
  checksum: 1
  no_block_cache: 0
  block_cache: 0x7fae67442828
  block_cache_name: LRUCache
  block_cache_options:
    capacity : 8388608
    num_shard_bits : 4
    strict_capacity_limit : 0
    memory_allocator : None
    high_pri_pool_ratio: 0.000
  block_cache_compressed: 0x0
  persistent_cache: 0x0
  block_size: 4096
  block_size_deviation: 10
  block_restart_interval: 16
  index_block_restart_interval: 1
  metadata_block_size: 4096
  partition_filters: 0
  use_delta_encoding: 1
  filter_policy: nullptr
  whole_key_filtering: 1
  verify_compression: 0
  read_amp_bytes_per_bit: 0
  format_version: 4
  enable_index_compression: 1
  block_align: 0
2022/07/21-11:46:13.190274 7000100db000        Options.write_buffer_size: 67108864
2022/07/21-11:46:13.190275 7000100db000  Options.max_write_buffer_number: 2
2022/07/21-11:46:13.190276 7000100db000          Options.compression: Snappy
2022/07/21-11:46:13.190277 7000100db000                  Options.bottommost_compression: Disabled
2022/07/21-11:46:13.190278 7000100db000       Options.prefix_extractor: nullptr
2022/07/21-11:46:13.190279 7000100db000   Options.memtable_insert_with_hint_prefix_extractor: nullptr
2022/07/21-11:46:13.190279 7000100db000             Options.num_levels: 7
2022/07/21-11:46:13.190280 7000100db000        Options.min_write_buffer_number_to_merge: 1
2022/07/21-11:46:13.190281 7000100db000     Options.max_write_buffer_number_to_maintain: 0
2022/07/21-11:46:13.190282 7000100db000     Options.max_write_buffer_size_to_maintain: 134217728
2022/07/21-11:46:13.190283 7000100db000            Options.bottommost_compression_opts.window_bits: -14
2022/07/21-11:46:13.190284 7000100db000                  Options.bottommost_compression_opts.level: 32767
2022/07/21-11:46:13.190284 7000100db000               Options.bottommost_compression_opts.strategy: 0
2022/07/21-11:46:13.190285 7000100db000         Options.bottommost_compression_opts.max_dict_bytes: 0
2022/07/21-11:46:13.190286 7000100db000         Options.bottommost_compression_opts.zstd_max_train_bytes: 0
2022/07/21-11:46:13.190287 7000100db000         Options.bottommost_compression_opts.parallel_threads: 1
2022/07/21-11:46:13.190288 7000100db000                  Options.bottommost_compression_opts.enabled: false
