2022/07/21-11:46:20.849849 700003ae6000 RocksDB version: 6.15.2
2022/07/21-11:46:20.849904 700003ae6000 Git sha rocksdb_build_git_sha:ca8082762f736a665b75fa1d39468856071bc3a9
2022/07/21-11:46:20.849907 700003ae6000 Compile date Jan  4 2021
2022/07/21-11:46:20.849932 700003ae6000 DB SUMMARY
2022/07/21-11:46:20.849933 700003ae6000 DB Session ID:  YI8PLN499Q25RKM77L3Q
2022/07/21-11:46:20.850056 700003ae6000 CURRENT file:  CURRENT
2022/07/21-11:46:20.850058 700003ae6000 IDENTITY file:  IDENTITY
2022/07/21-11:46:20.850079 700003ae6000 MANIFEST file:  MANIFEST-000037 size: 1029 Bytes
2022/07/21-11:46:20.850081 700003ae6000 SST files in /Users/a10403/Desktop/besu_network/node3/data/database dir, Total Num: 5, files: 000022.sst 000023.sst 000029.sst 000030.sst 000036.sst 
2022/07/21-11:46:20.850083 700003ae6000 Write Ahead Log file in /Users/a10403/Desktop/besu_network/node3/data/database: 000038.log size: 65084 ; 
2022/07/21-11:46:20.850087 700003ae6000                         Options.error_if_exists: 0
2022/07/21-11:46:20.850090 700003ae6000                       Options.create_if_missing: 1
2022/07/21-11:46:20.850091 700003ae6000                         Options.paranoid_checks: 1
2022/07/21-11:46:20.850092 700003ae6000                               Options.track_and_verify_wals_in_manifest: 0
2022/07/21-11:46:20.850092 700003ae6000                                     Options.env: 0x14259cb08
2022/07/21-11:46:20.850093 700003ae6000                                      Options.fs: Posix File System
2022/07/21-11:46:20.850094 700003ae6000                                Options.info_log: 0x7f8945e32c40
2022/07/21-11:46:20.850095 700003ae6000                Options.max_file_opening_threads: 16
2022/07/21-11:46:20.850096 700003ae6000                              Options.statistics: 0x7f8945de0cd0
2022/07/21-11:46:20.850097 700003ae6000                               Options.use_fsync: 0
2022/07/21-11:46:20.850098 700003ae6000                       Options.max_log_file_size: 0
2022/07/21-11:46:20.850099 700003ae6000                  Options.max_manifest_file_size: 1073741824
2022/07/21-11:46:20.850099 700003ae6000                   Options.log_file_time_to_roll: 0
2022/07/21-11:46:20.850100 700003ae6000                       Options.keep_log_file_num: 1000
2022/07/21-11:46:20.850101 700003ae6000                    Options.recycle_log_file_num: 0
2022/07/21-11:46:20.850102 700003ae6000                         Options.allow_fallocate: 1
2022/07/21-11:46:20.850103 700003ae6000                        Options.allow_mmap_reads: 0
2022/07/21-11:46:20.850104 700003ae6000                       Options.allow_mmap_writes: 0
2022/07/21-11:46:20.850104 700003ae6000                        Options.use_direct_reads: 0
2022/07/21-11:46:20.850105 700003ae6000                        Options.use_direct_io_for_flush_and_compaction: 0
2022/07/21-11:46:20.850106 700003ae6000          Options.create_missing_column_families: 1
2022/07/21-11:46:20.850107 700003ae6000                              Options.db_log_dir: 
2022/07/21-11:46:20.850108 700003ae6000                                 Options.wal_dir: /Users/a10403/Desktop/besu_network/node3/data/database
2022/07/21-11:46:20.850108 700003ae6000                Options.table_cache_numshardbits: 6
2022/07/21-11:46:20.850110 700003ae6000                         Options.WAL_ttl_seconds: 0
2022/07/21-11:46:20.850111 700003ae6000                       Options.WAL_size_limit_MB: 0
2022/07/21-11:46:20.850112 700003ae6000                        Options.max_write_batch_group_size_bytes: 1048576
2022/07/21-11:46:20.850113 700003ae6000             Options.manifest_preallocation_size: 4194304
2022/07/21-11:46:20.850114 700003ae6000                     Options.is_fd_close_on_exec: 1
2022/07/21-11:46:20.850115 700003ae6000                   Options.advise_random_on_open: 1
2022/07/21-11:46:20.850115 700003ae6000                    Options.db_write_buffer_size: 0
2022/07/21-11:46:20.850116 700003ae6000                    Options.write_buffer_manager: 0x7f8945e32c90
2022/07/21-11:46:20.850117 700003ae6000         Options.access_hint_on_compaction_start: 1
2022/07/21-11:46:20.850118 700003ae6000  Options.new_table_reader_for_compaction_inputs: 0
2022/07/21-11:46:20.850141 700003ae6000           Options.random_access_max_buffer_size: 1048576
2022/07/21-11:46:20.850142 700003ae6000                      Options.use_adaptive_mutex: 0
2022/07/21-11:46:20.850143 700003ae6000                            Options.rate_limiter: 0x0
2022/07/21-11:46:20.850146 700003ae6000     Options.sst_file_manager.rate_bytes_per_sec: 0
2022/07/21-11:46:20.850147 700003ae6000                       Options.wal_recovery_mode: 2
2022/07/21-11:46:20.850148 700003ae6000                  Options.enable_thread_tracking: 0
2022/07/21-11:46:20.850148 700003ae6000                  Options.enable_pipelined_write: 0
2022/07/21-11:46:20.850149 700003ae6000                  Options.unordered_write: 0
2022/07/21-11:46:20.850150 700003ae6000         Options.allow_concurrent_memtable_write: 1
2022/07/21-11:46:20.850151 700003ae6000      Options.enable_write_thread_adaptive_yield: 1
2022/07/21-11:46:20.850152 700003ae6000             Options.write_thread_max_yield_usec: 100
2022/07/21-11:46:20.850153 700003ae6000            Options.write_thread_slow_yield_usec: 3
2022/07/21-11:46:20.850153 700003ae6000                               Options.row_cache: None
2022/07/21-11:46:20.850154 700003ae6000                              Options.wal_filter: None
2022/07/21-11:46:20.850155 700003ae6000             Options.avoid_flush_during_recovery: 0
2022/07/21-11:46:20.850156 700003ae6000             Options.allow_ingest_behind: 0
2022/07/21-11:46:20.850157 700003ae6000             Options.preserve_deletes: 0
2022/07/21-11:46:20.850158 700003ae6000             Options.two_write_queues: 0
2022/07/21-11:46:20.850158 700003ae6000             Options.manual_wal_flush: 0
2022/07/21-11:46:20.850159 700003ae6000             Options.atomic_flush: 0
2022/07/21-11:46:20.850160 700003ae6000             Options.avoid_unnecessary_blocking_io: 0
2022/07/21-11:46:20.850161 700003ae6000                 Options.persist_stats_to_disk: 0
2022/07/21-11:46:20.850162 700003ae6000                 Options.write_dbid_to_manifest: 0
2022/07/21-11:46:20.850162 700003ae6000                 Options.log_readahead_size: 0
2022/07/21-11:46:20.850163 700003ae6000                 Options.file_checksum_gen_factory: Unknown
2022/07/21-11:46:20.850164 700003ae6000                 Options.best_efforts_recovery: 0
2022/07/21-11:46:20.850165 700003ae6000                Options.max_bgerror_resume_count: 2147483647
2022/07/21-11:46:20.850166 700003ae6000            Options.bgerror_resume_retry_interval: 1000000
2022/07/21-11:46:20.850167 700003ae6000             Options.allow_data_in_errors: 0
2022/07/21-11:46:20.850167 700003ae6000             Options.db_host_id: __hostname__
2022/07/21-11:46:20.850168 700003ae6000             Options.max_background_jobs: 2
2022/07/21-11:46:20.850169 700003ae6000             Options.max_background_compactions: 4
2022/07/21-11:46:20.850170 700003ae6000             Options.max_subcompactions: 1
2022/07/21-11:46:20.850171 700003ae6000             Options.avoid_flush_during_shutdown: 0
2022/07/21-11:46:20.850172 700003ae6000           Options.writable_file_max_buffer_size: 1048576
2022/07/21-11:46:20.850172 700003ae6000             Options.delayed_write_rate : 16777216
2022/07/21-11:46:20.850173 700003ae6000             Options.max_total_wal_size: 0
2022/07/21-11:46:20.850174 700003ae6000             Options.delete_obsolete_files_period_micros: 21600000000
2022/07/21-11:46:20.850175 700003ae6000                   Options.stats_dump_period_sec: 600
2022/07/21-11:46:20.850176 700003ae6000                 Options.stats_persist_period_sec: 600
2022/07/21-11:46:20.850177 700003ae6000                 Options.stats_history_buffer_size: 1048576
2022/07/21-11:46:20.850178 700003ae6000                          Options.max_open_files: 1024
2022/07/21-11:46:20.850178 700003ae6000                          Options.bytes_per_sync: 0
2022/07/21-11:46:20.850179 700003ae6000                      Options.wal_bytes_per_sync: 0
2022/07/21-11:46:20.850180 700003ae6000                   Options.strict_bytes_per_sync: 0
2022/07/21-11:46:20.850195 700003ae6000       Options.compaction_readahead_size: 0
2022/07/21-11:46:20.850196 700003ae6000                  Options.max_background_flushes: -1
2022/07/21-11:46:20.850197 700003ae6000 Compression algorithms supported:
2022/07/21-11:46:20.850200 700003ae6000 	kZSTD supported: 1
2022/07/21-11:46:20.850201 700003ae6000 	kZlibCompression supported: 1
2022/07/21-11:46:20.850202 700003ae6000 	kXpressCompression supported: 0
2022/07/21-11:46:20.850203 700003ae6000 	kSnappyCompression supported: 1
2022/07/21-11:46:20.850204 700003ae6000 	kZSTDNotFinalCompression supported: 1
2022/07/21-11:46:20.850205 700003ae6000 	kLZ4HCCompression supported: 1
2022/07/21-11:46:20.850205 700003ae6000 	kLZ4Compression supported: 1
2022/07/21-11:46:20.850206 700003ae6000 	kBZip2Compression supported: 1
2022/07/21-11:46:20.850211 700003ae6000 Fast CRC32 supported: Not supported on x86
2022/07/21-11:46:20.851280 700003ae6000 [/version_set.cc:4725] Recovering from manifest file: /Users/a10403/Desktop/besu_network/node3/data/database/MANIFEST-000037
2022/07/21-11:46:20.851370 700003ae6000 [/column_family.cc:597] --------------- Options for column family [default]:
2022/07/21-11:46:20.851373 700003ae6000               Options.comparator: leveldb.BytewiseComparator
2022/07/21-11:46:20.851374 700003ae6000           Options.merge_operator: None
2022/07/21-11:46:20.851375 700003ae6000        Options.compaction_filter: None
2022/07/21-11:46:20.851376 700003ae6000        Options.compaction_filter_factory: None
2022/07/21-11:46:20.851377 700003ae6000  Options.sst_partitioner_factory: None
2022/07/21-11:46:20.851378 700003ae6000         Options.memtable_factory: SkipListFactory
2022/07/21-11:46:20.851379 700003ae6000            Options.table_factory: BlockBasedTable
2022/07/21-11:46:20.851399 700003ae6000            table_factory options:   flush_block_policy_factory: FlushBlockBySizePolicyFactory (0x7f8945dde7c0)
  cache_index_and_filter_blocks: 0
  cache_index_and_filter_blocks_with_high_priority: 1
  pin_l0_filter_and_index_blocks_in_cache: 0
  pin_top_level_index_and_filter: 1
  index_type: 0
  data_block_index_type: 0
  index_shortening: 1
  data_block_hash_table_util_ratio: 0.750000
  hash_index_allow_collision: 1
  checksum: 1
  no_block_cache: 0
  block_cache: 0x7f8885e25b68
  block_cache_name: LRUCache
  block_cache_options:
    capacity : 8388608
    num_shard_bits : 4
    strict_capacity_limit : 0
    memory_allocator : None
    high_pri_pool_ratio: 0.000
  block_cache_compressed: 0x0
  persistent_cache: 0x0
  block_size: 4096
  block_size_deviation: 10
  block_restart_interval: 16
  index_block_restart_interval: 1
  metadata_block_size: 4096
  partition_filters: 0
  use_delta_encoding: 1
  filter_policy: nullptr
  whole_key_filtering: 1
  verify_compression: 0
  read_amp_bytes_per_bit: 0
  format_version: 4
  enable_index_compression: 1
  block_align: 0
2022/07/21-11:46:20.851401 700003ae6000        Options.write_buffer_size: 67108864
2022/07/21-11:46:20.851402 700003ae6000  Options.max_write_buffer_number: 2
2022/07/21-11:46:20.851403 700003ae6000          Options.compression: Snappy
2022/07/21-11:46:20.851404 700003ae6000                  Options.bottommost_compression: Disabled
2022/07/21-11:46:20.851405 700003ae6000       Options.prefix_extractor: nullptr
2022/07/21-11:46:20.851406 700003ae6000   Options.memtable_insert_with_hint_prefix_extractor: nullptr
2022/07/21-11:46:20.851407 700003ae6000             Options.num_levels: 7
2022/07/21-11:46:20.851408 700003ae6000        Options.min_write_buffer_number_to_merge: 1
2022/07/21-11:46:20.851409 700003ae6000     Options.max_write_buffer_number_to_maintain: 0
2022/07/21-11:46:20.851410 700003ae6000     Options.max_write_buffer_size_to_maintain: 134217728
2022/07/21-11:46:20.851411 700003ae6000            Options.bottommost_compression_opts.window_bits: -14
2022/07/21-11:46:20.851413 700003ae6000                  Options.bottommost_compression_opts.level: 32767
2022/07/21-11:46:20.851414 700003ae6000               Options.bottommost_compression_opts.strategy: 0
2022/07/21-11:46:20.851438 700003ae6000         Options.bottommost_compression_opts.max_dict_bytes: 0
2022/07/21-11:46:20.851440 700003ae6000         Options.bottommost_compression_opts.zstd_max_train_bytes: 0
2022/07/21-11:46:20.851441 700003ae6000         Options.bottommost_compression_opts.parallel_threads: 1
2022/07/21-11:46:20.851442 700003ae6000                  Options.bottommost_compression_opts.enabled: false
2022/07/21-11:46:20.851443 700003ae6000            Options.compression_opts.window_bits: -14
2022/07/21-11:46:20.851444 700003ae6000                  Options.compression_opts.level: 32767
2022/07/21-11:46:20.851445 700003ae6000               Options.compression_opts.strategy: 0
2022/07/21-11:46:20.851446 700003ae6000         Options.compression_opts.max_dict_bytes: 0
2022/07/21-11:46:20.851447 700003ae6000         Options.compression_opts.zstd_max_train_bytes: 0
2022/07/21-11:46:20.851448 700003ae6000         Options.compression_opts.parallel_threads: 1
2022/07/21-11:46:20.851449 700003ae6000                  Options.compression_opts.enabled: false
2022/07/21-11:46:20.851450 700003ae6000      Options.level0_file_num_compaction_trigger: 4
2022/07/21-11:46:20.851451 700003ae6000          Options.level0_slowdown_writes_trigger: 20
2022/07/21-11:46:20.851452 700003ae6000              Options.level0_stop_writes_trigger: 36
2022/07/21-11:46:20.851453 700003ae6000                   Options.target_file_size_base: 67108864
2022/07/21-11:46:20.851454 700003ae6000             Options.target_file_size_multiplier: 1
2022/07/21-11:46:20.851455 700003ae6000                Options.max_bytes_for_level_base: 268435456
2022/07/21-11:46:20.851456 700003ae6000 Options.level_compaction_dynamic_level_bytes: 0
2022/07/21-11:46:20.851457 700003ae6000          Options.max_bytes_for_level_multiplier: 10.000000
2022/07/21-11:46:20.851458 700003ae6000 Options.max_bytes_for_level_multiplier_addtl[0]: 1
2022/07/21-11:46:20.851459 700003ae6000 Options.max_bytes_for_level_multiplier_addtl[1]: 1
2022/07/21-11:46:20.851460 700003ae6000 Options.max_bytes_for_level_multiplier_addtl[2]: 1
2022/07/21-11:46:20.851461 700003ae6000 Options.max_bytes_for_level_multiplier_addtl[3]: 1
2022/07/21-11:46:20.851462 700003ae6000 Options.max_bytes_for_level_multiplier_addtl[4]: 1
2022/07/21-11:46:20.851463 700003ae6000 Options.max_bytes_for_level_multiplier_addtl[5]: 1
2022/07/21-11:46:20.851465 700003ae6000 Options.max_bytes_for_level_multiplier_addtl[6]: 1
2022/07/21-11:46:20.851466 700003ae6000       Options.max_sequential_skip_in_iterations: 8
2022/07/21-11:46:20.851467 700003ae6000                    Options.max_compaction_bytes: 1677721600
2022/07/21-11:46:20.851468 700003ae6000                        Options.arena_block_size: 8388608
2022/07/21-11:46:20.851469 700003ae6000   Options.soft_pending_compaction_bytes_limit: 68719476736
2022/07/21-11:46:20.851470 700003ae6000   Options.hard_pending_compaction_bytes_limit: 274877906944
2022/07/21-11:46:20.851471 700003ae6000       Options.rate_limit_delay_max_milliseconds: 100
2022/07/21-11:46:20.851472 700003ae6000                Options.disable_auto_compactions: 0
2022/07/21-11:46:20.851473 700003ae6000                        Options.compaction_style: kCompactionStyleLevel
2022/07/21-11:46:20.851474 700003ae6000                          Options.compaction_pri: kMinOverlappingRatio
2022/07/21-11:46:20.851475 700003ae6000 Options.compaction_options_universal.size_ratio: 1
2022/07/21-11:46:20.851476 700003ae6000 Options.compaction_options_universal.min_merge_width: 2
2022/07/21-11:46:20.851477 700003ae6000 Options.compaction_options_universal.max_merge_width: 4294967295
2022/07/21-11:46:20.851478 700003ae6000 Options.compaction_options_universal.max_size_amplification_percent: 200
2022/07/21-11:46:20.851479 700003ae6000 Options.compaction_options_universal.compression_size_percent: -1
2022/07/21-11:46:20.851480 700003ae6000 Options.compaction_options_universal.stop_style: kCompactionStopStyleTotalSize
2022/07/21-11:46:20.851481 700003ae6000 Options.compaction_options_fifo.max_table_files_size: 1073741824
2022/07/21-11:46:20.851498 700003ae6000 Options.compaction_options_fifo.allow_compaction: 0
2022/07/21-11:46:20.851505 700003ae6000                   Options.table_properties_collectors: 
2022/07/21-11:46:20.851506 700003ae6000                   Options.inplace_update_support: 0
2022/07/21-11:46:20.851508 700003ae6000                 Options.inplace_update_num_locks: 10000
2022/07/21-11:46:20.851509 700003ae6000               Options.memtable_prefix_bloom_size_ratio: 0.000000
2022/07/21-11:46:20.851510 700003ae6000               Options.memtable_whole_key_filtering: 0
2022/07/21-11:46:20.851511 700003ae6000   Options.memtable_huge_page_size: 0
2022/07/21-11:46:20.851512 700003ae6000                           Options.bloom_locality: 0
2022/07/21-11:46:20.851513 700003ae6000                    Options.max_successive_merges: 0
2022/07/21-11:46:20.851513 700003ae6000                Options.optimize_filters_for_hits: 0
2022/07/21-11:46:20.851514 700003ae6000                Options.paranoid_file_checks: 0
2022/07/21-11:46:20.851515 700003ae6000                Options.force_consistency_checks: 1
2022/07/21-11:46:20.851516 700003ae6000                Options.report_bg_io_stats: 0
2022/07/21-11:46:20.851517 700003ae6000                               Options.ttl: 0
2022/07/21-11:46:20.851518 700003ae6000          Options.periodic_compaction_seconds: 0
2022/07/21-11:46:20.851518 700003ae6000                    Options.enable_blob_files: false
2022/07/21-11:46:20.851519 700003ae6000                        Options.min_blob_size: 0
2022/07/21-11:46:20.851520 700003ae6000                       Options.blob_file_size: 268435456
2022/07/21-11:46:20.851521 700003ae6000                Options.blob_compression_type: NoCompression
2022/07/21-11:46:20.851522 700003ae6000       Options.enable_blob_garbage_collection: false
2022/07/21-11:46:20.851523 700003ae6000   Options.blob_garbage_collection_age_cutoff: 0.250000
2022/07/21-11:46:20.852066 700003ae6000 [/column_family.cc:597] --------------- Options for column family []:
2022/07/21-11:46:20.852070 700003ae6000               Options.comparator: leveldb.BytewiseComparator
2022/07/21-11:46:20.852071 700003ae6000           Options.merge_operator: None
2022/07/21-11:46:20.852072 700003ae6000        Options.compaction_filter: None
2022/07/21-11:46:20.852073 700003ae6000        Options.compaction_filter_factory: None
2022/07/21-11:46:20.852074 700003ae6000  Options.sst_partitioner_factory: None
2022/07/21-11:46:20.852075 700003ae6000         Options.memtable_factory: SkipListFactory
2022/07/21-11:46:20.852075 700003ae6000            Options.table_factory: BlockBasedTable
2022/07/21-11:46:20.852088 700003ae6000            table_factory options:   flush_block_policy_factory: FlushBlockBySizePolicyFactory (0x7f8885e1fc10)
  cache_index_and_filter_blocks: 0
  cache_index_and_filter_blocks_with_high_priority: 1
  pin_l0_filter_and_index_blocks_in_cache: 0
  pin_top_level_index_and_filter: 1
  index_type: 0
  data_block_index_type: 0
  index_shortening: 1
  data_block_hash_table_util_ratio: 0.750000
  hash_index_allow_collision: 1
  checksum: 1
  no_block_cache: 0
  block_cache: 0x7f8885e1fc58
  block_cache_name: LRUCache
  block_cache_options:
    capacity : 8388608
    num_shard_bits : 4
    strict_capacity_limit : 0
    memory_allocator : None
    high_pri_pool_ratio: 0.000
  block_cache_compressed: 0x0
  persistent_cache: 0x0
  block_size: 4096
  block_size_deviation: 10
  block_restart_interval: 16
  index_block_restart_interval: 1
  metadata_block_size: 4096
  partition_filters: 0
  use_delta_encoding: 1
  filter_policy: nullptr
  whole_key_filtering: 1
  verify_compression: 0
  read_amp_bytes_per_bit: 0
  format_version: 4
  enable_index_compression: 1
  block_align: 0
2022/07/21-11:46:20.852089 700003ae6000        Options.write_buffer_size: 67108864
2022/07/21-11:46:20.852090 700003ae6000  Options.max_write_buffer_number: 2
2022/07/21-11:46:20.852091 700003ae6000          Options.compression: Snappy
2022/07/21-11:46:20.852092 700003ae6000                  Options.bottommost_compression: Disabled
2022/07/21-11:46:20.852116 700003ae6000       Options.prefix_extractor: nullptr
2022/07/21-11:46:20.852118 700003ae6000   Options.memtable_insert_with_hint_prefix_extractor: nullptr
2022/07/21-11:46:20.852118 700003ae6000             Options.num_levels: 7
2022/07/21-11:46:20.852119 700003ae6000        Options.min_write_buffer_number_to_merge: 1
2022/07/21-11:46:20.852120 700003ae6000     Options.max_write_buffer_number_to_maintain: 0
2022/07/21-11:46:20.852121 700003ae6000     Options.max_write_buffer_size_to_maintain: 134217728
2022/07/21-11:46:20.852122 700003ae6000            Options.bottommost_compression_opts.window_bits: -14
2022/07/21-11:46:20.852123 700003ae6000                  Options.bottommost_compression_opts.level: 32767
2022/07/21-11:46:20.852124 700003ae6000               Options.bottommost_compression_opts.strategy: 0
2022/07/21-11:46:20.852124 700003ae6000         Options.bottommost_compression_opts.max_dict_bytes: 0
2022/07/21-11:46:20.852125 700003ae6000         Options.bottommost_compression_opts.zstd_max_train_bytes: 0
2022/07/21-11:46:20.852126 700003ae6000         Options.bottommost_compression_opts.parallel_threads: 1
2022/07/21-11:46:20.852127 700003ae6000                  Options.bottommost_compression_opts.enabled: false
2022/07/21-11:46:20.852128 700003ae6000            Options.compression_opts.window_bits: -14
2022/07/21-11:46:20.852129 700003ae6000                  Options.compression_opts.level: 32767
2022/07/21-11:46:20.852129 700003ae6000               Options.compression_opts.strategy: 0
2022/07/21-11:46:20.852130 700003ae6000         Options.compression_opts.max_dict_bytes: 0
2022/07/21-11:46:20.852131 700003ae6000         Options.compression_opts.zstd_max_train_bytes: 0
2022/07/21-11:46:20.852132 700003ae6000         Options.compression_opts.parallel_threads: 1
2022/07/21-11:46:20.852133 700003ae6000                  Options.compression_opts.enabled: false
2022/07/21-11:46:20.852133 700003ae6000      Options.level0_file_num_compaction_trigger: 4
2022/07/21-11:46:20.852134 700003ae6000          Options.level0_slowdown_writes_trigger: 20
2022/07/21-11:46:20.852135 700003ae6000              Options.level0_stop_writes_trigger: 36
2022/07/21-11:46:20.852136 700003ae6000                   Options.target_file_size_base: 67108864
2022/07/21-11:46:20.852137 700003ae6000             Options.target_file_size_multiplier: 1
2022/07/21-11:46:20.852137 700003ae6000                Options.max_bytes_for_level_base: 268435456
2022/07/21-11:46:20.852138 700003ae6000 Options.level_compaction_dynamic_level_bytes: 0
2022/07/21-11:46:20.852139 700003ae6000          Options.max_bytes_for_level_multiplier: 10.000000
2022/07/21-11:46:20.852140 700003ae6000 Options.max_bytes_for_level_multiplier_addtl[0]: 1
2022/07/21-11:46:20.852141 700003ae6000 Options.max_bytes_for_level_multiplier_addtl[1]: 1
2022/07/21-11:46:20.852142 700003ae6000 Options.max_bytes_for_level_multiplier_addtl[2]: 1
2022/07/21-11:46:20.852143 700003ae6000 Options.max_bytes_for_level_multiplier_addtl[3]: 1
2022/07/21-11:46:20.852144 700003ae6000 Options.max_bytes_for_level_multiplier_addtl[4]: 1
2022/07/21-11:46:20.852145 700003ae6000 Options.max_bytes_for_level_multiplier_addtl[5]: 1
2022/07/21-11:46:20.852145 700003ae6000 Options.max_bytes_for_level_multiplier_addtl[6]: 1
2022/07/21-11:46:20.852146 700003ae6000       Options.max_sequential_skip_in_iterations: 8
2022/07/21-11:46:20.852147 700003ae6000                    Options.max_compaction_bytes: 1677721600
2022/07/21-11:46:20.852148 700003ae6000                        Options.arena_block_size: 8388608
2022/07/21-11:46:20.852149 700003ae6000   Options.soft_pending_compaction_bytes_limit: 68719476736
2022/07/21-11:46:20.852150 700003ae6000   Options.hard_pending_compaction_bytes_limit: 274877906944
2022/07/21-11:46:20.852151 700003ae6000       Options.rate_limit_delay_max_milliseconds: 100
2022/07/21-11:46:20.852151 700003ae6000                Options.disable_auto_compactions: 0
2022/07/21-11:46:20.852152 700003ae6000                        Options.compaction_style: kCompactionStyleLevel
2022/07/21-11:46:20.852167 700003ae6000                          Options.compaction_pri: kMinOverlappingRatio
2022/07/21-11:46:20.852168 700003ae6000 Options.compaction_options_universal.size_ratio: 1
2022/07/21-11:46:20.852169 700003ae6000 Options.compaction_options_universal.min_merge_width: 2
2022/07/21-11:46:20.852170 700003ae6000 Options.compaction_options_universal.max_merge_width: 4294967295
2022/07/21-11:46:20.852171 700003ae6000 Options.compaction_options_universal.max_size_amplification_percent: 200
2022/07/21-11:46:20.852171 700003ae6000 Options.compaction_options_universal.compression_size_percent: -1
2022/07/21-11:46:20.852173 700003ae6000 Options.compaction_options_universal.stop_style: kCompactionStopStyleTotalSize
2022/07/21-11:46:20.852174 700003ae6000 Options.compaction_options_fifo.max_table_files_size: 1073741824
2022/07/21-11:46:20.852175 700003ae6000 Options.compaction_options_fifo.allow_compaction: 0
2022/07/21-11:46:20.852176 700003ae6000                   Options.table_properties_collectors: 
2022/07/21-11:46:20.852176 700003ae6000                   Options.inplace_update_support: 0
2022/07/21-11:46:20.852177 700003ae6000                 Options.inplace_update_num_locks: 10000
2022/07/21-11:46:20.852178 700003ae6000               Options.memtable_prefix_bloom_size_ratio: 0.000000
2022/07/21-11:46:20.852179 700003ae6000               Options.memtable_whole_key_filtering: 0
2022/07/21-11:46:20.852180 700003ae6000   Options.memtable_huge_page_size: 0
2022/07/21-11:46:20.852181 700003ae6000                           Options.bloom_locality: 0
2022/07/21-11:46:20.852182 700003ae6000                    Options.max_successive_merges: 0
2022/07/21-11:46:20.852182 700003ae6000                Options.optimize_filters_for_hits: 0
2022/07/21-11:46:20.852183 700003ae6000                Options.paranoid_file_checks: 0
2022/07/21-11:46:20.852184 700003ae6000                Options.force_consistency_checks: 1
2022/07/21-11:46:20.852185 700003ae6000                Options.report_bg_io_stats: 0
2022/07/21-11:46:20.852186 700003ae6000                               Options.ttl: 0
2022/07/21-11:46:20.852186 700003ae6000          Options.periodic_compaction_seconds: 0
2022/07/21-11:46:20.852187 700003ae6000                    Options.enable_blob_files: false
2022/07/21-11:46:20.852188 700003ae6000                        Options.min_blob_size: 0
2022/07/21-11:46:20.852189 700003ae6000                       Options.blob_file_size: 268435456
2022/07/21-11:46:20.852190 700003ae6000                Options.blob_compression_type: NoCompression
2022/07/21-11:46:20.852190 700003ae6000       Options.enable_blob_garbage_collection: false
2022/07/21-11:46:20.852191 700003ae6000   Options.blob_garbage_collection_age_cutoff: 0.250000
2022/07/21-11:46:20.852238 700003ae6000 [/column_family.cc:597] --------------- Options for column family []:
2022/07/21-11:46:20.852240 700003ae6000               Options.comparator: leveldb.BytewiseComparator
2022/07/21-11:46:20.852241 700003ae6000           Options.merge_operator: None
2022/07/21-11:46:20.852242 700003ae6000        Options.compaction_filter: None
2022/07/21-11:46:20.852242 700003ae6000        Options.compaction_filter_factory: None
2022/07/21-11:46:20.852243 700003ae6000  Options.sst_partitioner_factory: None
2022/07/21-11:46:20.852244 700003ae6000         Options.memtable_factory: SkipListFactory
2022/07/21-11:46:20.852245 700003ae6000            Options.table_factory: BlockBasedTable
2022/07/21-11:46:20.852254 700003ae6000            table_factory options:   flush_block_policy_factory: FlushBlockBySizePolicyFactory (0x7f8885e20560)
  cache_index_and_filter_blocks: 0
  cache_index_and_filter_blocks_with_high_priority: 1
  pin_l0_filter_and_index_blocks_in_cache: 0
  pin_top_level_index_and_filter: 1
  index_type: 0
  data_block_index_type: 0
  index_shortening: 1
  data_block_hash_table_util_ratio: 0.750000
  hash_index_allow_collision: 1
  checksum: 1
  no_block_cache: 0
  block_cache: 0x7f8885e20a98
  block_cache_name: LRUCache
  block_cache_options:
    capacity : 8388608
    num_shard_bits : 4
    strict_capacity_limit : 0
    memory_allocator : None
    high_pri_pool_ratio: 0.000
  block_cache_compressed: 0x0
  persistent_cache: 0x0
  block_size: 4096
  block_size_deviation: 10
  block_restart_interval: 16
  index_block_restart_interval: 1
  metadata_block_size: 4096
  partition_filters: 0
  use_delta_encoding: 1
  filter_policy: nullptr
  whole_key_filtering: 1
  verify_compression: 0
  read_amp_bytes_per_bit: 0
  format_version: 4
  enable_index_compression: 1
  block_align: 0
2022/07/21-11:46:20.852271 700003ae6000        Options.write_buffer_size: 67108864
2022/07/21-11:46:20.852272 700003ae6000  Options.max_write_buffer_number: 2
2022/07/21-11:46:20.852273 700003ae6000          Options.compression: Snappy
2022/07/21-11:46:20.852274 700003ae6000                  Options.bottommost_compression: Disabled
2022/07/21-11:46:20.852275 700003ae6000       Options.prefix_extractor: nullptr
2022/07/21-11:46:20.852276 700003ae6000   Options.memtable_insert_with_hint_prefix_extractor: nullptr
2022/07/21-11:46:20.852277 700003ae6000             Options.num_levels: 7
2022/07/21-11:46:20.852277 700003ae6000        Options.min_write_buffer_number_to_merge: 1
2022/07/21-11:46:20.852278 700003ae6000     Options.max_write_buffer_number_to_maintain: 0
2022/07/21-11:46:20.852279 700003ae6000     Options.max_write_buffer_size_to_maintain: 134217728
2022/07/21-11:46:20.852280 700003ae6000            Options.bottommost_compression_opts.window_bits: -14
2022/07/21-11:46:20.852281 700003ae6000                  Options.bottommost_compression_opts.level: 32767
2022/07/21-11:46:20.852282 700003ae6000               Options.bottommost_compression_opts.strategy: 0
2022/07/21-11:46:20.852282 700003ae6000         Options.bottommost_compression_opts.max_dict_bytes: 0
2022/07/21-11:46:20.852283 700003ae6000         Options.bottommost_compression_opts.zstd_max_train_bytes: 0
2022/07/21-11:46:20.852284 700003ae6000         Options.bottommost_compression_opts.parallel_threads: 1
2022/07/21-11:46:20.852285 700003ae6000                  Options.bottommost_compression_opts.enabled: false
2022/07/21-11:46:20.852286 700003ae6000            Options.compression_opts.window_bits: -14
2022/07/21-11:46:20.852287 700003ae6000                  Options.compression_opts.level: 32767
2022/07/21-11:46:20.852287 700003ae6000               Options.compression_opts.strategy: 0
2022/07/21-11:46:20.852288 700003ae6000         Options.compression_opts.max_dict_bytes: 0
2022/07/21-11:46:20.852289 700003ae6000         Options.compression_opts.zstd_max_train_bytes: 0
2022/07/21-11:46:20.852290 700003ae6000         Options.compression_opts.parallel_threads: 1
2022/07/21-11:46:20.852291 700003ae6000                  Options.compression_opts.enabled: false
2022/07/21-11:46:20.852291 700003ae6000      Options.level0_file_num_compaction_trigger: 4
2022/07/21-11:46:20.852292 700003ae6000          Options.level0_slowdown_writes_trigger: 20
2022/07/21-11:46:20.852293 700003ae6000              Options.level0_stop_writes_trigger: 36
2022/07/21-11:46:20.852294 700003ae6000                   Options.target_file_size_base: 67108864
2022/07/21-11:46:20.852295 700003ae6000             Options.target_file_size_multiplier: 1
2022/07/21-11:46:20.852295 700003ae6000                Options.max_bytes_for_level_base: 268435456
2022/07/21-11:46:20.852296 700003ae6000 Options.level_compaction_dynamic_level_bytes: 0
2022/07/21-11:46:20.852297 700003ae6000          Options.max_bytes_for_level_multiplier: 10.000000
2022/07/21-11:46:20.852298 700003ae6000 Options.max_bytes_for_level_multiplier_addtl[0]: 1
2022/07/21-11:46:20.852299 700003ae6000 Options.max_bytes_for_level_multiplier_addtl[1]: 1
2022/07/21-11:46:20.852300 700003ae6000 Options.max_bytes_for_level_multiplier_addtl[2]: 1
2022/07/21-11:46:20.852301 700003ae6000 Options.max_bytes_for_level_multiplier_addtl[3]: 1
2022/07/21-11:46:20.852301 700003ae6000 Options.max_bytes_for_level_multiplier_addtl[4]: 1
2022/07/21-11:46:20.852302 700003ae6000 Options.max_bytes_for_level_multiplier_addtl[5]: 1
2022/07/21-11:46:20.852303 700003ae6000 Options.max_bytes_for_level_multiplier_addtl[6]: 1
2022/07/21-11:46:20.852316 700003ae6000       Options.max_sequential_skip_in_iterations: 8
2022/07/21-11:46:20.852317 700003ae6000                    Options.max_compaction_bytes: 1677721600
2022/07/21-11:46:20.852318 700003ae6000                        Options.arena_block_size: 8388608
2022/07/21-11:46:20.852318 700003ae6000   Options.soft_pending_compaction_bytes_limit: 68719476736
2022/07/21-11:46:20.852319 700003ae6000   Options.hard_pending_compaction_bytes_limit: 274877906944
2022/07/21-11:46:20.852320 700003ae6000       Options.rate_limit_delay_max_milliseconds: 100
2022/07/21-11:46:20.852321 700003ae6000                Options.disable_auto_compactions: 0
2022/07/21-11:46:20.852322 700003ae6000                        Options.compaction_style: kCompactionStyleLevel
2022/07/21-11:46:20.852323 700003ae6000                          Options.compaction_pri: kMinOverlappingRatio
2022/07/21-11:46:20.852324 700003ae6000 Options.compaction_options_universal.size_ratio: 1
2022/07/21-11:46:20.852324 700003ae6000 Options.compaction_options_universal.min_merge_width: 2
2022/07/21-11:46:20.852325 700003ae6000 Options.compaction_options_universal.max_merge_width: 4294967295
2022/07/21-11:46:20.852326 700003ae6000 Options.compaction_options_universal.max_size_amplification_percent: 200
2022/07/21-11:46:20.852327 700003ae6000 Options.compaction_options_universal.compression_size_percent: -1
2022/07/21-11:46:20.852328 700003ae6000 Options.compaction_options_universal.stop_style: kCompactionStopStyleTotalSize
2022/07/21-11:46:20.852329 700003ae6000 Options.compaction_options_fifo.max_table_files_size: 1073741824
2022/07/21-11:46:20.852330 700003ae6000 Options.compaction_options_fifo.allow_compaction: 0
2022/07/21-11:46:20.852331 700003ae6000                   Options.table_properties_collectors: 
2022/07/21-11:46:20.852332 700003ae6000                   Options.inplace_update_support: 0
2022/07/21-11:46:20.852332 700003ae6000                 Options.inplace_update_num_locks: 10000
2022/07/21-11:46:20.852333 700003ae6000               Options.memtable_prefix_bloom_size_ratio: 0.000000
2022/07/21-11:46:20.852334 700003ae6000               Options.memtable_whole_key_filtering: 0
2022/07/21-11:46:20.852335 700003ae6000   Options.memtable_huge_page_size: 0
2022/07/21-11:46:20.852336 700003ae6000                           Options.bloom_locality: 0
2022/07/21-11:46:20.852337 700003ae6000                    Options.max_successive_merges: 0
2022/07/21-11:46:20.852337 700003ae6000                Options.optimize_filters_for_hits: 0
2022/07/21-11:46:20.852338 700003ae6000                Options.paranoid_file_checks: 0
2022/07/21-11:46:20.852339 700003ae6000                Options.force_consistency_checks: 1
2022/07/21-11:46:20.852340 700003ae6000                Options.report_bg_io_stats: 0
2022/07/21-11:46:20.852341 700003ae6000                               Options.ttl: 0
2022/07/21-11:46:20.852341 700003ae6000          Options.periodic_compaction_seconds: 0
2022/07/21-11:46:20.852342 700003ae6000                    Options.enable_blob_files: false
2022/07/21-11:46:20.852343 700003ae6000                        Options.min_blob_size: 0
2022/07/21-11:46:20.852344 700003ae6000                       Options.blob_file_size: 268435456
2022/07/21-11:46:20.852345 700003ae6000                Options.blob_compression_type: NoCompression
2022/07/21-11:46:20.852345 700003ae6000       Options.enable_blob_garbage_collection: false
2022/07/21-11:46:20.852346 700003ae6000   Options.blob_garbage_collection_age_cutoff: 0.250000
2022/07/21-11:46:20.852384 700003ae6000 [/column_family.cc:597] --------------- Options for column family []:
2022/07/21-11:46:20.852386 700003ae6000               Options.comparator: leveldb.BytewiseComparator
2022/07/21-11:46:20.852387 700003ae6000           Options.merge_operator: None
2022/07/21-11:46:20.852387 700003ae6000        Options.compaction_filter: None
2022/07/21-11:46:20.852388 700003ae6000        Options.compaction_filter_factory: None
2022/07/21-11:46:20.852389 700003ae6000  Options.sst_partitioner_factory: None
2022/07/21-11:46:20.852404 700003ae6000         Options.memtable_factory: SkipListFactory
2022/07/21-11:46:20.852405 700003ae6000            Options.table_factory: BlockBasedTable
2022/07/21-11:46:20.852414 700003ae6000            table_factory options:   flush_block_policy_factory: FlushBlockBySizePolicyFactory (0x7f8885e21820)
  cache_index_and_filter_blocks: 0
  cache_index_and_filter_blocks_with_high_priority: 1
  pin_l0_filter_and_index_blocks_in_cache: 0
  pin_top_level_index_and_filter: 1
  index_type: 0
  data_block_index_type: 0
  index_shortening: 1
  data_block_hash_table_util_ratio: 0.750000
  hash_index_allow_collision: 1
  checksum: 1
  no_block_cache: 0
  block_cache: 0x7f8885e21868
  block_cache_name: LRUCache
  block_cache_options:
    capacity : 8388608
    num_shard_bits : 4
    strict_capacity_limit : 0
    memory_allocator : None
    high_pri_pool_ratio: 0.000
  block_cache_compressed: 0x0
  persistent_cache: 0x0
  block_size: 4096
  block_size_deviation: 10
  block_restart_interval: 16
  index_block_restart_interval: 1
  metadata_block_size: 4096
  partition_filters: 0
  use_delta_encoding: 1
  filter_policy: nullptr
  whole_key_filtering: 1
  verify_compression: 0
  read_amp_bytes_per_bit: 0
  format_version: 4
  enable_index_compression: 1
  block_align: 0
2022/07/21-11:46:20.852415 700003ae6000        Options.write_buffer_size: 67108864
2022/07/21-11:46:20.852416 700003ae6000  Options.max_write_buffer_number: 2
2022/07/21-11:46:20.852417 700003ae6000          Options.compression: Snappy
2022/07/21-11:46:20.852418 700003ae6000                  Options.bottommost_compression: Disabled
2022/07/21-11:46:20.852418 700003ae6000       Options.prefix_extractor: nullptr
2022/07/21-11:46:20.852419 700003ae6000   Options.memtable_insert_with_hint_prefix_extractor: nullptr
2022/07/21-11:46:20.852420 700003ae6000             Options.num_levels: 7
2022/07/21-11:46:20.852421 700003ae6000        Options.min_write_buffer_number_to_merge: 1
2022/07/21-11:46:20.852422 700003ae6000     Options.max_write_buffer_number_to_maintain: 0
2022/07/21-11:46:20.852422 700003ae6000     Options.max_write_buffer_size_to_maintain: 134217728
2022/07/21-11:46:20.852423 700003ae6000            Options.bottommost_compression_opts.window_bits: -14
2022/07/21-11:46:20.852424 700003ae6000                  Options.bottommost_compression_opts.level: 32767
2022/07/21-11:46:20.852425 700003ae6000               Options.bottommost_compression_opts.strategy: 0
2022/07/21-11:46:20.852426 700003ae6000         Options.bottommost_compression_opts.max_dict_bytes: 0
2022/07/21-11:46:20.852427 700003ae6000         Options.bottommost_compression_opts.zstd_max_train_bytes: 0
2022/07/21-11:46:20.852427 700003ae6000         Options.bottommost_compression_opts.parallel_threads: 1
2022/07/21-11:46:20.852428 700003ae6000                  Options.bottommost_compression_opts.enabled: false
