2022/07/21-17:02:51.989998 70000a4b2000 RocksDB version: 6.15.2
2022/07/21-17:02:51.990061 70000a4b2000 Git sha rocksdb_build_git_sha:ca8082762f736a665b75fa1d39468856071bc3a9
2022/07/21-17:02:51.990063 70000a4b2000 Compile date Jan  4 2021
2022/07/21-17:02:51.990092 70000a4b2000 DB SUMMARY
2022/07/21-17:02:51.990094 70000a4b2000 DB Session ID:  GP6CKOFA90LWPU592F2L
2022/07/21-17:02:51.990192 70000a4b2000 CURRENT file:  CURRENT
2022/07/21-17:02:51.990194 70000a4b2000 IDENTITY file:  IDENTITY
2022/07/21-17:02:51.990202 70000a4b2000 MANIFEST file:  MANIFEST-000062 size: 1041 Bytes
2022/07/21-17:02:51.990204 70000a4b2000 SST files in /Users/a10403/Desktop/besu_network/node1/data/database dir, Total Num: 5, files: 000048.sst 000051.sst 000057.sst 000060.sst 000061.sst 
2022/07/21-17:02:51.990206 70000a4b2000 Write Ahead Log file in /Users/a10403/Desktop/besu_network/node1/data/database: 000063.log size: 1833416 ; 
2022/07/21-17:02:51.990208 70000a4b2000                         Options.error_if_exists: 0
2022/07/21-17:02:51.990211 70000a4b2000                       Options.create_if_missing: 1
2022/07/21-17:02:51.990212 70000a4b2000                         Options.paranoid_checks: 1
2022/07/21-17:02:51.990213 70000a4b2000                               Options.track_and_verify_wals_in_manifest: 0
2022/07/21-17:02:51.990214 70000a4b2000                                     Options.env: 0x114df8b08
2022/07/21-17:02:51.990215 70000a4b2000                                      Options.fs: Posix File System
2022/07/21-17:02:51.990216 70000a4b2000                                Options.info_log: 0x7fa9234b5b20
2022/07/21-17:02:51.990217 70000a4b2000                Options.max_file_opening_threads: 16
2022/07/21-17:02:51.990218 70000a4b2000                              Options.statistics: 0x7fa92360f080
2022/07/21-17:02:51.990219 70000a4b2000                               Options.use_fsync: 0
2022/07/21-17:02:51.990220 70000a4b2000                       Options.max_log_file_size: 0
2022/07/21-17:02:51.990220 70000a4b2000                  Options.max_manifest_file_size: 1073741824
2022/07/21-17:02:51.990221 70000a4b2000                   Options.log_file_time_to_roll: 0
2022/07/21-17:02:51.990222 70000a4b2000                       Options.keep_log_file_num: 1000
2022/07/21-17:02:51.990223 70000a4b2000                    Options.recycle_log_file_num: 0
2022/07/21-17:02:51.990224 70000a4b2000                         Options.allow_fallocate: 1
2022/07/21-17:02:51.990225 70000a4b2000                        Options.allow_mmap_reads: 0
2022/07/21-17:02:51.990226 70000a4b2000                       Options.allow_mmap_writes: 0
2022/07/21-17:02:51.990226 70000a4b2000                        Options.use_direct_reads: 0
2022/07/21-17:02:51.990227 70000a4b2000                        Options.use_direct_io_for_flush_and_compaction: 0
2022/07/21-17:02:51.990228 70000a4b2000          Options.create_missing_column_families: 1
2022/07/21-17:02:51.990229 70000a4b2000                              Options.db_log_dir: 
2022/07/21-17:02:51.990230 70000a4b2000                                 Options.wal_dir: /Users/a10403/Desktop/besu_network/node1/data/database
2022/07/21-17:02:51.990231 70000a4b2000                Options.table_cache_numshardbits: 6
2022/07/21-17:02:51.990233 70000a4b2000                         Options.WAL_ttl_seconds: 0
2022/07/21-17:02:51.990234 70000a4b2000                       Options.WAL_size_limit_MB: 0
2022/07/21-17:02:51.990235 70000a4b2000                        Options.max_write_batch_group_size_bytes: 1048576
2022/07/21-17:02:51.990237 70000a4b2000             Options.manifest_preallocation_size: 4194304
2022/07/21-17:02:51.990238 70000a4b2000                     Options.is_fd_close_on_exec: 1
2022/07/21-17:02:51.990239 70000a4b2000                   Options.advise_random_on_open: 1
2022/07/21-17:02:51.990240 70000a4b2000                    Options.db_write_buffer_size: 0
2022/07/21-17:02:51.990241 70000a4b2000                    Options.write_buffer_manager: 0x7fa9234b5b70
2022/07/21-17:02:51.990242 70000a4b2000         Options.access_hint_on_compaction_start: 1
2022/07/21-17:02:51.990243 70000a4b2000  Options.new_table_reader_for_compaction_inputs: 0
2022/07/21-17:02:51.990269 70000a4b2000           Options.random_access_max_buffer_size: 1048576
2022/07/21-17:02:51.990270 70000a4b2000                      Options.use_adaptive_mutex: 0
2022/07/21-17:02:51.990271 70000a4b2000                            Options.rate_limiter: 0x0
2022/07/21-17:02:51.990274 70000a4b2000     Options.sst_file_manager.rate_bytes_per_sec: 0
2022/07/21-17:02:51.990275 70000a4b2000                       Options.wal_recovery_mode: 2
2022/07/21-17:02:51.990276 70000a4b2000                  Options.enable_thread_tracking: 0
2022/07/21-17:02:51.990277 70000a4b2000                  Options.enable_pipelined_write: 0
2022/07/21-17:02:51.990278 70000a4b2000                  Options.unordered_write: 0
2022/07/21-17:02:51.990279 70000a4b2000         Options.allow_concurrent_memtable_write: 1
2022/07/21-17:02:51.990279 70000a4b2000      Options.enable_write_thread_adaptive_yield: 1
2022/07/21-17:02:51.990280 70000a4b2000             Options.write_thread_max_yield_usec: 100
2022/07/21-17:02:51.990281 70000a4b2000            Options.write_thread_slow_yield_usec: 3
2022/07/21-17:02:51.990282 70000a4b2000                               Options.row_cache: None
2022/07/21-17:02:51.990283 70000a4b2000                              Options.wal_filter: None
2022/07/21-17:02:51.990284 70000a4b2000             Options.avoid_flush_during_recovery: 0
2022/07/21-17:02:51.990285 70000a4b2000             Options.allow_ingest_behind: 0
2022/07/21-17:02:51.990286 70000a4b2000             Options.preserve_deletes: 0
2022/07/21-17:02:51.990286 70000a4b2000             Options.two_write_queues: 0
2022/07/21-17:02:51.990287 70000a4b2000             Options.manual_wal_flush: 0
2022/07/21-17:02:51.990288 70000a4b2000             Options.atomic_flush: 0
2022/07/21-17:02:51.990289 70000a4b2000             Options.avoid_unnecessary_blocking_io: 0
2022/07/21-17:02:51.990290 70000a4b2000                 Options.persist_stats_to_disk: 0
2022/07/21-17:02:51.990291 70000a4b2000                 Options.write_dbid_to_manifest: 0
2022/07/21-17:02:51.990292 70000a4b2000                 Options.log_readahead_size: 0
2022/07/21-17:02:51.990292 70000a4b2000                 Options.file_checksum_gen_factory: Unknown
2022/07/21-17:02:51.990293 70000a4b2000                 Options.best_efforts_recovery: 0
2022/07/21-17:02:51.990294 70000a4b2000                Options.max_bgerror_resume_count: 2147483647
2022/07/21-17:02:51.990295 70000a4b2000            Options.bgerror_resume_retry_interval: 1000000
2022/07/21-17:02:51.990296 70000a4b2000             Options.allow_data_in_errors: 0
2022/07/21-17:02:51.990297 70000a4b2000             Options.db_host_id: __hostname__
2022/07/21-17:02:51.990298 70000a4b2000             Options.max_background_jobs: 2
2022/07/21-17:02:51.990299 70000a4b2000             Options.max_background_compactions: 4
2022/07/21-17:02:51.990299 70000a4b2000             Options.max_subcompactions: 1
2022/07/21-17:02:51.990300 70000a4b2000             Options.avoid_flush_during_shutdown: 0
2022/07/21-17:02:51.990301 70000a4b2000           Options.writable_file_max_buffer_size: 1048576
2022/07/21-17:02:51.990302 70000a4b2000             Options.delayed_write_rate : 16777216
2022/07/21-17:02:51.990303 70000a4b2000             Options.max_total_wal_size: 0
2022/07/21-17:02:51.990304 70000a4b2000             Options.delete_obsolete_files_period_micros: 21600000000
2022/07/21-17:02:51.990305 70000a4b2000                   Options.stats_dump_period_sec: 600
2022/07/21-17:02:51.990306 70000a4b2000                 Options.stats_persist_period_sec: 600
2022/07/21-17:02:51.990306 70000a4b2000                 Options.stats_history_buffer_size: 1048576
2022/07/21-17:02:51.990307 70000a4b2000                          Options.max_open_files: 1024
2022/07/21-17:02:51.990308 70000a4b2000                          Options.bytes_per_sync: 0
2022/07/21-17:02:51.990309 70000a4b2000                      Options.wal_bytes_per_sync: 0
2022/07/21-17:02:51.990310 70000a4b2000                   Options.strict_bytes_per_sync: 0
2022/07/21-17:02:51.990326 70000a4b2000       Options.compaction_readahead_size: 0
2022/07/21-17:02:51.990327 70000a4b2000                  Options.max_background_flushes: -1
2022/07/21-17:02:51.990328 70000a4b2000 Compression algorithms supported:
2022/07/21-17:02:51.990332 70000a4b2000 	kZSTD supported: 1
2022/07/21-17:02:51.990333 70000a4b2000 	kZlibCompression supported: 1
2022/07/21-17:02:51.990334 70000a4b2000 	kXpressCompression supported: 0
2022/07/21-17:02:51.990335 70000a4b2000 	kSnappyCompression supported: 1
2022/07/21-17:02:51.990336 70000a4b2000 	kZSTDNotFinalCompression supported: 1
2022/07/21-17:02:51.990336 70000a4b2000 	kLZ4HCCompression supported: 1
2022/07/21-17:02:51.990337 70000a4b2000 	kLZ4Compression supported: 1
2022/07/21-17:02:51.990338 70000a4b2000 	kBZip2Compression supported: 1
2022/07/21-17:02:51.990343 70000a4b2000 Fast CRC32 supported: Not supported on x86
2022/07/21-17:02:51.991596 70000a4b2000 [/version_set.cc:4725] Recovering from manifest file: /Users/a10403/Desktop/besu_network/node1/data/database/MANIFEST-000062
2022/07/21-17:02:51.991735 70000a4b2000 [/column_family.cc:597] --------------- Options for column family [default]:
2022/07/21-17:02:51.991738 70000a4b2000               Options.comparator: leveldb.BytewiseComparator
2022/07/21-17:02:51.991740 70000a4b2000           Options.merge_operator: None
2022/07/21-17:02:51.991741 70000a4b2000        Options.compaction_filter: None
2022/07/21-17:02:51.991742 70000a4b2000        Options.compaction_filter_factory: None
2022/07/21-17:02:51.991743 70000a4b2000  Options.sst_partitioner_factory: None
2022/07/21-17:02:51.991743 70000a4b2000         Options.memtable_factory: SkipListFactory
2022/07/21-17:02:51.991744 70000a4b2000            Options.table_factory: BlockBasedTable
2022/07/21-17:02:51.991764 70000a4b2000            table_factory options:   flush_block_policy_factory: FlushBlockBySizePolicyFactory (0x7fa9236164f0)
  cache_index_and_filter_blocks: 0
  cache_index_and_filter_blocks_with_high_priority: 1
  pin_l0_filter_and_index_blocks_in_cache: 0
  pin_top_level_index_and_filter: 1
  index_type: 0
  data_block_index_type: 0
  index_shortening: 1
  data_block_hash_table_util_ratio: 0.750000
  hash_index_allow_collision: 1
  checksum: 1
  no_block_cache: 0
  block_cache: 0x7fa923615be8
  block_cache_name: LRUCache
  block_cache_options:
    capacity : 8388608
    num_shard_bits : 4
    strict_capacity_limit : 0
    memory_allocator : None
    high_pri_pool_ratio: 0.000
  block_cache_compressed: 0x0
  persistent_cache: 0x0
  block_size: 4096
  block_size_deviation: 10
  block_restart_interval: 16
  index_block_restart_interval: 1
  metadata_block_size: 4096
  partition_filters: 0
  use_delta_encoding: 1
  filter_policy: nullptr
  whole_key_filtering: 1
  verify_compression: 0
  read_amp_bytes_per_bit: 0
  format_version: 4
  enable_index_compression: 1
  block_align: 0
2022/07/21-17:02:51.991766 70000a4b2000        Options.write_buffer_size: 67108864
2022/07/21-17:02:51.991767 70000a4b2000  Options.max_write_buffer_number: 2
2022/07/21-17:02:51.991768 70000a4b2000          Options.compression: Snappy
2022/07/21-17:02:51.991769 70000a4b2000                  Options.bottommost_compression: Disabled
2022/07/21-17:02:51.991770 70000a4b2000       Options.prefix_extractor: nullptr
2022/07/21-17:02:51.991771 70000a4b2000   Options.memtable_insert_with_hint_prefix_extractor: nullptr
2022/07/21-17:02:51.991773 70000a4b2000             Options.num_levels: 7
2022/07/21-17:02:51.991774 70000a4b2000        Options.min_write_buffer_number_to_merge: 1
2022/07/21-17:02:51.991775 70000a4b2000     Options.max_write_buffer_number_to_maintain: 0
2022/07/21-17:02:51.991776 70000a4b2000     Options.max_write_buffer_size_to_maintain: 134217728
2022/07/21-17:02:51.991777 70000a4b2000            Options.bottommost_compression_opts.window_bits: -14
2022/07/21-17:02:51.991778 70000a4b2000                  Options.bottommost_compression_opts.level: 32767
2022/07/21-17:02:51.991779 70000a4b2000               Options.bottommost_compression_opts.strategy: 0
2022/07/21-17:02:51.991817 70000a4b2000         Options.bottommost_compression_opts.max_dict_bytes: 0
2022/07/21-17:02:51.991818 70000a4b2000         Options.bottommost_compression_opts.zstd_max_train_bytes: 0
2022/07/21-17:02:51.991819 70000a4b2000         Options.bottommost_compression_opts.parallel_threads: 1
2022/07/21-17:02:51.991820 70000a4b2000                  Options.bottommost_compression_opts.enabled: false
2022/07/21-17:02:51.991821 70000a4b2000            Options.compression_opts.window_bits: -14
2022/07/21-17:02:51.991823 70000a4b2000                  Options.compression_opts.level: 32767
2022/07/21-17:02:51.991824 70000a4b2000               Options.compression_opts.strategy: 0
2022/07/21-17:02:51.991825 70000a4b2000         Options.compression_opts.max_dict_bytes: 0
2022/07/21-17:02:51.991826 70000a4b2000         Options.compression_opts.zstd_max_train_bytes: 0
2022/07/21-17:02:51.991827 70000a4b2000         Options.compression_opts.parallel_threads: 1
2022/07/21-17:02:51.991828 70000a4b2000                  Options.compression_opts.enabled: false
2022/07/21-17:02:51.991829 70000a4b2000      Options.level0_file_num_compaction_trigger: 4
2022/07/21-17:02:51.991830 70000a4b2000          Options.level0_slowdown_writes_trigger: 20
2022/07/21-17:02:51.991831 70000a4b2000              Options.level0_stop_writes_trigger: 36
2022/07/21-17:02:51.991832 70000a4b2000                   Options.target_file_size_base: 67108864
2022/07/21-17:02:51.991833 70000a4b2000             Options.target_file_size_multiplier: 1
2022/07/21-17:02:51.991834 70000a4b2000                Options.max_bytes_for_level_base: 268435456
2022/07/21-17:02:51.991835 70000a4b2000 Options.level_compaction_dynamic_level_bytes: 0
2022/07/21-17:02:51.991836 70000a4b2000          Options.max_bytes_for_level_multiplier: 10.000000
2022/07/21-17:02:51.991837 70000a4b2000 Options.max_bytes_for_level_multiplier_addtl[0]: 1
2022/07/21-17:02:51.991839 70000a4b2000 Options.max_bytes_for_level_multiplier_addtl[1]: 1
2022/07/21-17:02:51.991840 70000a4b2000 Options.max_bytes_for_level_multiplier_addtl[2]: 1
2022/07/21-17:02:51.991841 70000a4b2000 Options.max_bytes_for_level_multiplier_addtl[3]: 1
2022/07/21-17:02:51.991842 70000a4b2000 Options.max_bytes_for_level_multiplier_addtl[4]: 1
2022/07/21-17:02:51.991843 70000a4b2000 Options.max_bytes_for_level_multiplier_addtl[5]: 1
2022/07/21-17:02:51.991844 70000a4b2000 Options.max_bytes_for_level_multiplier_addtl[6]: 1
2022/07/21-17:02:51.991845 70000a4b2000       Options.max_sequential_skip_in_iterations: 8
2022/07/21-17:02:51.991846 70000a4b2000                    Options.max_compaction_bytes: 1677721600
2022/07/21-17:02:51.991847 70000a4b2000                        Options.arena_block_size: 8388608
2022/07/21-17:02:51.991848 70000a4b2000   Options.soft_pending_compaction_bytes_limit: 68719476736
2022/07/21-17:02:51.991849 70000a4b2000   Options.hard_pending_compaction_bytes_limit: 274877906944
2022/07/21-17:02:51.991850 70000a4b2000       Options.rate_limit_delay_max_milliseconds: 100
2022/07/21-17:02:51.991851 70000a4b2000                Options.disable_auto_compactions: 0
2022/07/21-17:02:51.991853 70000a4b2000                        Options.compaction_style: kCompactionStyleLevel
2022/07/21-17:02:51.991854 70000a4b2000                          Options.compaction_pri: kMinOverlappingRatio
2022/07/21-17:02:51.991855 70000a4b2000 Options.compaction_options_universal.size_ratio: 1
2022/07/21-17:02:51.991856 70000a4b2000 Options.compaction_options_universal.min_merge_width: 2
2022/07/21-17:02:51.991857 70000a4b2000 Options.compaction_options_universal.max_merge_width: 4294967295
2022/07/21-17:02:51.991858 70000a4b2000 Options.compaction_options_universal.max_size_amplification_percent: 200
2022/07/21-17:02:51.991859 70000a4b2000 Options.compaction_options_universal.compression_size_percent: -1
2022/07/21-17:02:51.991861 70000a4b2000 Options.compaction_options_universal.stop_style: kCompactionStopStyleTotalSize
2022/07/21-17:02:51.991862 70000a4b2000 Options.compaction_options_fifo.max_table_files_size: 1073741824
2022/07/21-17:02:51.991879 70000a4b2000 Options.compaction_options_fifo.allow_compaction: 0
2022/07/21-17:02:51.991887 70000a4b2000                   Options.table_properties_collectors: 
2022/07/21-17:02:51.991888 70000a4b2000                   Options.inplace_update_support: 0
2022/07/21-17:02:51.991891 70000a4b2000                 Options.inplace_update_num_locks: 10000
2022/07/21-17:02:51.991892 70000a4b2000               Options.memtable_prefix_bloom_size_ratio: 0.000000
2022/07/21-17:02:51.991893 70000a4b2000               Options.memtable_whole_key_filtering: 0
2022/07/21-17:02:51.991894 70000a4b2000   Options.memtable_huge_page_size: 0
2022/07/21-17:02:51.991895 70000a4b2000                           Options.bloom_locality: 0
2022/07/21-17:02:51.991895 70000a4b2000                    Options.max_successive_merges: 0
2022/07/21-17:02:51.991896 70000a4b2000                Options.optimize_filters_for_hits: 0
2022/07/21-17:02:51.991897 70000a4b2000                Options.paranoid_file_checks: 0
2022/07/21-17:02:51.991898 70000a4b2000                Options.force_consistency_checks: 1
2022/07/21-17:02:51.991899 70000a4b2000                Options.report_bg_io_stats: 0
2022/07/21-17:02:51.991900 70000a4b2000                               Options.ttl: 0
2022/07/21-17:02:51.991900 70000a4b2000          Options.periodic_compaction_seconds: 0
2022/07/21-17:02:51.991901 70000a4b2000                    Options.enable_blob_files: false
2022/07/21-17:02:51.991902 70000a4b2000                        Options.min_blob_size: 0
2022/07/21-17:02:51.991903 70000a4b2000                       Options.blob_file_size: 268435456
2022/07/21-17:02:51.991904 70000a4b2000                Options.blob_compression_type: NoCompression
2022/07/21-17:02:51.991905 70000a4b2000       Options.enable_blob_garbage_collection: false
2022/07/21-17:02:51.991906 70000a4b2000   Options.blob_garbage_collection_age_cutoff: 0.250000
2022/07/21-17:02:51.991993 70000a4b2000 [/column_family.cc:597] --------------- Options for column family []:
2022/07/21-17:02:51.991995 70000a4b2000               Options.comparator: leveldb.BytewiseComparator
2022/07/21-17:02:51.991996 70000a4b2000           Options.merge_operator: None
2022/07/21-17:02:51.991997 70000a4b2000        Options.compaction_filter: None
2022/07/21-17:02:51.991998 70000a4b2000        Options.compaction_filter_factory: None
2022/07/21-17:02:51.991999 70000a4b2000  Options.sst_partitioner_factory: None
2022/07/21-17:02:51.991999 70000a4b2000         Options.memtable_factory: SkipListFactory
2022/07/21-17:02:51.992000 70000a4b2000            Options.table_factory: BlockBasedTable
2022/07/21-17:02:51.992011 70000a4b2000            table_factory options:   flush_block_policy_factory: FlushBlockBySizePolicyFactory (0x7fa92360fc90)
  cache_index_and_filter_blocks: 0
  cache_index_and_filter_blocks_with_high_priority: 1
  pin_l0_filter_and_index_blocks_in_cache: 0
  pin_top_level_index_and_filter: 1
  index_type: 0
  data_block_index_type: 0
  index_shortening: 1
  data_block_hash_table_util_ratio: 0.750000
  hash_index_allow_collision: 1
  checksum: 1
  no_block_cache: 0
  block_cache: 0x7fa92360fcd8
  block_cache_name: LRUCache
  block_cache_options:
    capacity : 8388608
    num_shard_bits : 4
    strict_capacity_limit : 0
    memory_allocator : None
    high_pri_pool_ratio: 0.000
  block_cache_compressed: 0x0
  persistent_cache: 0x0
  block_size: 4096
  block_size_deviation: 10
  block_restart_interval: 16
  index_block_restart_interval: 1
  metadata_block_size: 4096
  partition_filters: 0
  use_delta_encoding: 1
  filter_policy: nullptr
  whole_key_filtering: 1
  verify_compression: 0
  read_amp_bytes_per_bit: 0
  format_version: 4
  enable_index_compression: 1
  block_align: 0
2022/07/21-17:02:51.992012 70000a4b2000        Options.write_buffer_size: 67108864
2022/07/21-17:02:51.992013 70000a4b2000  Options.max_write_buffer_number: 2
2022/07/21-17:02:51.992014 70000a4b2000          Options.compression: Snappy
2022/07/21-17:02:51.992015 70000a4b2000                  Options.bottommost_compression: Disabled
2022/07/21-17:02:51.992034 70000a4b2000       Options.prefix_extractor: nullptr
2022/07/21-17:02:51.992035 70000a4b2000   Options.memtable_insert_with_hint_prefix_extractor: nullptr
2022/07/21-17:02:51.992036 70000a4b2000             Options.num_levels: 7
2022/07/21-17:02:51.992037 70000a4b2000        Options.min_write_buffer_number_to_merge: 1
2022/07/21-17:02:51.992038 70000a4b2000     Options.max_write_buffer_number_to_maintain: 0
2022/07/21-17:02:51.992039 70000a4b2000     Options.max_write_buffer_size_to_maintain: 134217728
2022/07/21-17:02:51.992040 70000a4b2000            Options.bottommost_compression_opts.window_bits: -14
2022/07/21-17:02:51.992041 70000a4b2000                  Options.bottommost_compression_opts.level: 32767
2022/07/21-17:02:51.992041 70000a4b2000               Options.bottommost_compression_opts.strategy: 0
2022/07/21-17:02:51.992042 70000a4b2000         Options.bottommost_compression_opts.max_dict_bytes: 0
2022/07/21-17:02:51.992043 70000a4b2000         Options.bottommost_compression_opts.zstd_max_train_bytes: 0
2022/07/21-17:02:51.992044 70000a4b2000         Options.bottommost_compression_opts.parallel_threads: 1
2022/07/21-17:02:51.992045 70000a4b2000                  Options.bottommost_compression_opts.enabled: false
2022/07/21-17:02:51.992046 70000a4b2000            Options.compression_opts.window_bits: -14
2022/07/21-17:02:51.992047 70000a4b2000                  Options.compression_opts.level: 32767
2022/07/21-17:02:51.992047 70000a4b2000               Options.compression_opts.strategy: 0
2022/07/21-17:02:51.992048 70000a4b2000         Options.compression_opts.max_dict_bytes: 0
2022/07/21-17:02:51.992049 70000a4b2000         Options.compression_opts.zstd_max_train_bytes: 0
2022/07/21-17:02:51.992050 70000a4b2000         Options.compression_opts.parallel_threads: 1
2022/07/21-17:02:51.992051 70000a4b2000                  Options.compression_opts.enabled: false
2022/07/21-17:02:51.992052 70000a4b2000      Options.level0_file_num_compaction_trigger: 4
2022/07/21-17:02:51.992052 70000a4b2000          Options.level0_slowdown_writes_trigger: 20
2022/07/21-17:02:51.992053 70000a4b2000              Options.level0_stop_writes_trigger: 36
2022/07/21-17:02:51.992054 70000a4b2000                   Options.target_file_size_base: 67108864
2022/07/21-17:02:51.992055 70000a4b2000             Options.target_file_size_multiplier: 1
2022/07/21-17:02:51.992056 70000a4b2000                Options.max_bytes_for_level_base: 268435456
2022/07/21-17:02:51.992057 70000a4b2000 Options.level_compaction_dynamic_level_bytes: 0
2022/07/21-17:02:51.992058 70000a4b2000          Options.max_bytes_for_level_multiplier: 10.000000
2022/07/21-17:02:51.992059 70000a4b2000 Options.max_bytes_for_level_multiplier_addtl[0]: 1
2022/07/21-17:02:51.992060 70000a4b2000 Options.max_bytes_for_level_multiplier_addtl[1]: 1
2022/07/21-17:02:51.992061 70000a4b2000 Options.max_bytes_for_level_multiplier_addtl[2]: 1
2022/07/21-17:02:51.992061 70000a4b2000 Options.max_bytes_for_level_multiplier_addtl[3]: 1
2022/07/21-17:02:51.992062 70000a4b2000 Options.max_bytes_for_level_multiplier_addtl[4]: 1
2022/07/21-17:02:51.992063 70000a4b2000 Options.max_bytes_for_level_multiplier_addtl[5]: 1
2022/07/21-17:02:51.992064 70000a4b2000 Options.max_bytes_for_level_multiplier_addtl[6]: 1
2022/07/21-17:02:51.992065 70000a4b2000       Options.max_sequential_skip_in_iterations: 8
2022/07/21-17:02:51.992066 70000a4b2000                    Options.max_compaction_bytes: 1677721600
2022/07/21-17:02:51.992067 70000a4b2000                        Options.arena_block_size: 8388608
2022/07/21-17:02:51.992067 70000a4b2000   Options.soft_pending_compaction_bytes_limit: 68719476736
2022/07/21-17:02:51.992068 70000a4b2000   Options.hard_pending_compaction_bytes_limit: 274877906944
2022/07/21-17:02:51.992069 70000a4b2000       Options.rate_limit_delay_max_milliseconds: 100
2022/07/21-17:02:51.992070 70000a4b2000                Options.disable_auto_compactions: 0
2022/07/21-17:02:51.992071 70000a4b2000                        Options.compaction_style: kCompactionStyleLevel
2022/07/21-17:02:51.992085 70000a4b2000                          Options.compaction_pri: kMinOverlappingRatio
2022/07/21-17:02:51.992086 70000a4b2000 Options.compaction_options_universal.size_ratio: 1
2022/07/21-17:02:51.992087 70000a4b2000 Options.compaction_options_universal.min_merge_width: 2
2022/07/21-17:02:51.992088 70000a4b2000 Options.compaction_options_universal.max_merge_width: 4294967295
2022/07/21-17:02:51.992089 70000a4b2000 Options.compaction_options_universal.max_size_amplification_percent: 200
2022/07/21-17:02:51.992090 70000a4b2000 Options.compaction_options_universal.compression_size_percent: -1
2022/07/21-17:02:51.992091 70000a4b2000 Options.compaction_options_universal.stop_style: kCompactionStopStyleTotalSize
2022/07/21-17:02:51.992092 70000a4b2000 Options.compaction_options_fifo.max_table_files_size: 1073741824
2022/07/21-17:02:51.992093 70000a4b2000 Options.compaction_options_fifo.allow_compaction: 0
2022/07/21-17:02:51.992094 70000a4b2000                   Options.table_properties_collectors: 
2022/07/21-17:02:51.992095 70000a4b2000                   Options.inplace_update_support: 0
2022/07/21-17:02:51.992096 70000a4b2000                 Options.inplace_update_num_locks: 10000
2022/07/21-17:02:51.992097 70000a4b2000               Options.memtable_prefix_bloom_size_ratio: 0.000000
2022/07/21-17:02:51.992098 70000a4b2000               Options.memtable_whole_key_filtering: 0
2022/07/21-17:02:51.992098 70000a4b2000   Options.memtable_huge_page_size: 0
2022/07/21-17:02:51.992099 70000a4b2000                           Options.bloom_locality: 0
2022/07/21-17:02:51.992100 70000a4b2000                    Options.max_successive_merges: 0
2022/07/21-17:02:51.992101 70000a4b2000                Options.optimize_filters_for_hits: 0
2022/07/21-17:02:51.992102 70000a4b2000                Options.paranoid_file_checks: 0
2022/07/21-17:02:51.992103 70000a4b2000                Options.force_consistency_checks: 1
2022/07/21-17:02:51.992104 70000a4b2000                Options.report_bg_io_stats: 0
2022/07/21-17:02:51.992104 70000a4b2000                               Options.ttl: 0
2022/07/21-17:02:51.992105 70000a4b2000          Options.periodic_compaction_seconds: 0
2022/07/21-17:02:51.992106 70000a4b2000                    Options.enable_blob_files: false
2022/07/21-17:02:51.992107 70000a4b2000                        Options.min_blob_size: 0
2022/07/21-17:02:51.992108 70000a4b2000                       Options.blob_file_size: 268435456
2022/07/21-17:02:51.992109 70000a4b2000                Options.blob_compression_type: NoCompression
2022/07/21-17:02:51.992109 70000a4b2000       Options.enable_blob_garbage_collection: false
2022/07/21-17:02:51.992110 70000a4b2000   Options.blob_garbage_collection_age_cutoff: 0.250000
2022/07/21-17:02:51.992161 70000a4b2000 [/column_family.cc:597] --------------- Options for column family []:
2022/07/21-17:02:51.992163 70000a4b2000               Options.comparator: leveldb.BytewiseComparator
2022/07/21-17:02:51.992164 70000a4b2000           Options.merge_operator: None
2022/07/21-17:02:51.992164 70000a4b2000        Options.compaction_filter: None
2022/07/21-17:02:51.992165 70000a4b2000        Options.compaction_filter_factory: None
2022/07/21-17:02:51.992166 70000a4b2000  Options.sst_partitioner_factory: None
2022/07/21-17:02:51.992167 70000a4b2000         Options.memtable_factory: SkipListFactory
2022/07/21-17:02:51.992168 70000a4b2000            Options.table_factory: BlockBasedTable
2022/07/21-17:02:51.992177 70000a4b2000            table_factory options:   flush_block_policy_factory: FlushBlockBySizePolicyFactory (0x7fa9236105e0)
  cache_index_and_filter_blocks: 0
  cache_index_and_filter_blocks_with_high_priority: 1
  pin_l0_filter_and_index_blocks_in_cache: 0
  pin_top_level_index_and_filter: 1
  index_type: 0
  data_block_index_type: 0
  index_shortening: 1
  data_block_hash_table_util_ratio: 0.750000
  hash_index_allow_collision: 1
  checksum: 1
  no_block_cache: 0
  block_cache: 0x7fa923610b18
  block_cache_name: LRUCache
  block_cache_options:
    capacity : 8388608
    num_shard_bits : 4
    strict_capacity_limit : 0
    memory_allocator : None
    high_pri_pool_ratio: 0.000
  block_cache_compressed: 0x0
  persistent_cache: 0x0
  block_size: 4096
  block_size_deviation: 10
  block_restart_interval: 16
  index_block_restart_interval: 1
  metadata_block_size: 4096
  partition_filters: 0
  use_delta_encoding: 1
  filter_policy: nullptr
  whole_key_filtering: 1
  verify_compression: 0
  read_amp_bytes_per_bit: 0
  format_version: 4
  enable_index_compression: 1
  block_align: 0
2022/07/21-17:02:51.992195 70000a4b2000        Options.write_buffer_size: 67108864
2022/07/21-17:02:51.992196 70000a4b2000  Options.max_write_buffer_number: 2
2022/07/21-17:02:51.992197 70000a4b2000          Options.compression: Snappy
2022/07/21-17:02:51.992198 70000a4b2000                  Options.bottommost_compression: Disabled
2022/07/21-17:02:51.992199 70000a4b2000       Options.prefix_extractor: nullptr
2022/07/21-17:02:51.992199 70000a4b2000   Options.memtable_insert_with_hint_prefix_extractor: nullptr
2022/07/21-17:02:51.992200 70000a4b2000             Options.num_levels: 7
2022/07/21-17:02:51.992201 70000a4b2000        Options.min_write_buffer_number_to_merge: 1
2022/07/21-17:02:51.992202 70000a4b2000     Options.max_write_buffer_number_to_maintain: 0
2022/07/21-17:02:51.992203 70000a4b2000     Options.max_write_buffer_size_to_maintain: 134217728
2022/07/21-17:02:51.992204 70000a4b2000            Options.bottommost_compression_opts.window_bits: -14
2022/07/21-17:02:51.992205 70000a4b2000                  Options.bottommost_compression_opts.level: 32767
2022/07/21-17:02:51.992205 70000a4b2000               Options.bottommost_compression_opts.strategy: 0
2022/07/21-17:02:51.992206 70000a4b2000         Options.bottommost_compression_opts.max_dict_bytes: 0
2022/07/21-17:02:51.992207 70000a4b2000         Options.bottommost_compression_opts.zstd_max_train_bytes: 0
2022/07/21-17:02:51.992208 70000a4b2000         Options.bottommost_compression_opts.parallel_threads: 1
2022/07/21-17:02:51.992209 70000a4b2000                  Options.bottommost_compression_opts.enabled: false
2022/07/21-17:02:51.992210 70000a4b2000            Options.compression_opts.window_bits: -14
2022/07/21-17:02:51.992211 70000a4b2000                  Options.compression_opts.level: 32767
2022/07/21-17:02:51.992212 70000a4b2000               Options.compression_opts.strategy: 0
2022/07/21-17:02:51.992212 70000a4b2000         Options.compression_opts.max_dict_bytes: 0
2022/07/21-17:02:51.992213 70000a4b2000         Options.compression_opts.zstd_max_train_bytes: 0
2022/07/21-17:02:51.992214 70000a4b2000         Options.compression_opts.parallel_threads: 1
2022/07/21-17:02:51.992215 70000a4b2000                  Options.compression_opts.enabled: false
2022/07/21-17:02:51.992216 70000a4b2000      Options.level0_file_num_compaction_trigger: 4
2022/07/21-17:02:51.992216 70000a4b2000          Options.level0_slowdown_writes_trigger: 20
2022/07/21-17:02:51.992217 70000a4b2000              Options.level0_stop_writes_trigger: 36
2022/07/21-17:02:51.992218 70000a4b2000                   Options.target_file_size_base: 67108864
2022/07/21-17:02:51.992219 70000a4b2000             Options.target_file_size_multiplier: 1
2022/07/21-17:02:51.992220 70000a4b2000                Options.max_bytes_for_level_base: 268435456
2022/07/21-17:02:51.992221 70000a4b2000 Options.level_compaction_dynamic_level_bytes: 0
2022/07/21-17:02:51.992221 70000a4b2000          Options.max_bytes_for_level_multiplier: 10.000000
2022/07/21-17:02:51.992223 70000a4b2000 Options.max_bytes_for_level_multiplier_addtl[0]: 1
2022/07/21-17:02:51.992223 70000a4b2000 Options.max_bytes_for_level_multiplier_addtl[1]: 1
2022/07/21-17:02:51.992224 70000a4b2000 Options.max_bytes_for_level_multiplier_addtl[2]: 1
2022/07/21-17:02:51.992225 70000a4b2000 Options.max_bytes_for_level_multiplier_addtl[3]: 1
2022/07/21-17:02:51.992226 70000a4b2000 Options.max_bytes_for_level_multiplier_addtl[4]: 1
2022/07/21-17:02:51.992227 70000a4b2000 Options.max_bytes_for_level_multiplier_addtl[5]: 1
2022/07/21-17:02:51.992228 70000a4b2000 Options.max_bytes_for_level_multiplier_addtl[6]: 1
2022/07/21-17:02:51.992241 70000a4b2000       Options.max_sequential_skip_in_iterations: 8
2022/07/21-17:02:51.992242 70000a4b2000                    Options.max_compaction_bytes: 1677721600
2022/07/21-17:02:51.992243 70000a4b2000                        Options.arena_block_size: 8388608
2022/07/21-17:02:51.992244 70000a4b2000   Options.soft_pending_compaction_bytes_limit: 68719476736
2022/07/21-17:02:51.992245 70000a4b2000   Options.hard_pending_compaction_bytes_limit: 274877906944
2022/07/21-17:02:51.992246 70000a4b2000       Options.rate_limit_delay_max_milliseconds: 100
2022/07/21-17:02:51.992246 70000a4b2000                Options.disable_auto_compactions: 0
2022/07/21-17:02:51.992247 70000a4b2000                        Options.compaction_style: kCompactionStyleLevel
2022/07/21-17:02:51.992248 70000a4b2000                          Options.compaction_pri: kMinOverlappingRatio
2022/07/21-17:02:51.992249 70000a4b2000 Options.compaction_options_universal.size_ratio: 1
2022/07/21-17:02:51.992250 70000a4b2000 Options.compaction_options_universal.min_merge_width: 2
2022/07/21-17:02:51.992251 70000a4b2000 Options.compaction_options_universal.max_merge_width: 4294967295
2022/07/21-17:02:51.992252 70000a4b2000 Options.compaction_options_universal.max_size_amplification_percent: 200
2022/07/21-17:02:51.992252 70000a4b2000 Options.compaction_options_universal.compression_size_percent: -1
2022/07/21-17:02:51.992254 70000a4b2000 Options.compaction_options_universal.stop_style: kCompactionStopStyleTotalSize
2022/07/21-17:02:51.992254 70000a4b2000 Options.compaction_options_fifo.max_table_files_size: 1073741824
2022/07/21-17:02:51.992255 70000a4b2000 Options.compaction_options_fifo.allow_compaction: 0
2022/07/21-17:02:51.992256 70000a4b2000                   Options.table_properties_collectors: 
2022/07/21-17:02:51.992257 70000a4b2000                   Options.inplace_update_support: 0
2022/07/21-17:02:51.992258 70000a4b2000                 Options.inplace_update_num_locks: 10000
2022/07/21-17:02:51.992259 70000a4b2000               Options.memtable_prefix_bloom_size_ratio: 0.000000
2022/07/21-17:02:51.992260 70000a4b2000               Options.memtable_whole_key_filtering: 0
2022/07/21-17:02:51.992261 70000a4b2000   Options.memtable_huge_page_size: 0
2022/07/21-17:02:51.992261 70000a4b2000                           Options.bloom_locality: 0
2022/07/21-17:02:51.992262 70000a4b2000                    Options.max_successive_merges: 0
2022/07/21-17:02:51.992263 70000a4b2000                Options.optimize_filters_for_hits: 0
2022/07/21-17:02:51.992264 70000a4b2000                Options.paranoid_file_checks: 0
2022/07/21-17:02:51.992265 70000a4b2000                Options.force_consistency_checks: 1
2022/07/21-17:02:51.992266 70000a4b2000                Options.report_bg_io_stats: 0
2022/07/21-17:02:51.992266 70000a4b2000                               Options.ttl: 0
2022/07/21-17:02:51.992267 70000a4b2000          Options.periodic_compaction_seconds: 0
2022/07/21-17:02:51.992268 70000a4b2000                    Options.enable_blob_files: false
2022/07/21-17:02:51.992269 70000a4b2000                        Options.min_blob_size: 0
2022/07/21-17:02:51.992270 70000a4b2000                       Options.blob_file_size: 268435456
2022/07/21-17:02:51.992271 70000a4b2000                Options.blob_compression_type: NoCompression
2022/07/21-17:02:51.992271 70000a4b2000       Options.enable_blob_garbage_collection: false
2022/07/21-17:02:51.992272 70000a4b2000   Options.blob_garbage_collection_age_cutoff: 0.250000
2022/07/21-17:02:51.992311 70000a4b2000 [/column_family.cc:597] --------------- Options for column family []:
2022/07/21-17:02:51.992312 70000a4b2000               Options.comparator: leveldb.BytewiseComparator
2022/07/21-17:02:51.992313 70000a4b2000           Options.merge_operator: None
2022/07/21-17:02:51.992314 70000a4b2000        Options.compaction_filter: None
2022/07/21-17:02:51.992315 70000a4b2000        Options.compaction_filter_factory: None
2022/07/21-17:02:51.992316 70000a4b2000  Options.sst_partitioner_factory: None
2022/07/21-17:02:51.992332 70000a4b2000         Options.memtable_factory: SkipListFactory
2022/07/21-17:02:51.992333 70000a4b2000            Options.table_factory: BlockBasedTable
2022/07/21-17:02:51.992342 70000a4b2000            table_factory options:   flush_block_policy_factory: FlushBlockBySizePolicyFactory (0x7fa9236118a0)
  cache_index_and_filter_blocks: 0
  cache_index_and_filter_blocks_with_high_priority: 1
  pin_l0_filter_and_index_blocks_in_cache: 0
  pin_top_level_index_and_filter: 1
  index_type: 0
  data_block_index_type: 0
  index_shortening: 1
  data_block_hash_table_util_ratio: 0.750000
  hash_index_allow_collision: 1
  checksum: 1
  no_block_cache: 0
  block_cache: 0x7fa9236118e8
  block_cache_name: LRUCache
  block_cache_options:
    capacity : 8388608
    num_shard_bits : 4
    strict_capacity_limit : 0
    memory_allocator : None
    high_pri_pool_ratio: 0.000
  block_cache_compressed: 0x0
  persistent_cache: 0x0
  block_size: 4096
  block_size_deviation: 10
  block_restart_interval: 16
  index_block_restart_interval: 1
  metadata_block_size: 4096
  partition_filters: 0
  use_delta_encoding: 1
  filter_policy: nullptr
  whole_key_filtering: 1
  verify_compression: 0
  read_amp_bytes_per_bit: 0
  format_version: 4
  enable_index_compression: 1
  block_align: 0
2022/07/21-17:02:51.992343 70000a4b2000        Options.write_buffer_size: 67108864
2022/07/21-17:02:51.992344 70000a4b2000  Options.max_write_buffer_number: 2
2022/07/21-17:02:51.992345 70000a4b2000          Options.compression: Snappy
2022/07/21-17:02:51.992346 70000a4b2000                  Options.bottommost_compression: Disabled
2022/07/21-17:02:51.992347 70000a4b2000       Options.prefix_extractor: nullptr
2022/07/21-17:02:51.992347 70000a4b2000   Options.memtable_insert_with_hint_prefix_extractor: nullptr
2022/07/21-17:02:51.992348 70000a4b2000             Options.num_levels: 7
2022/07/21-17:02:51.992349 70000a4b2000        Options.min_write_buffer_number_to_merge: 1
2022/07/21-17:02:51.992350 70000a4b2000     Options.max_write_buffer_number_to_maintain: 0
2022/07/21-17:02:51.992351 70000a4b2000     Options.max_write_buffer_size_to_maintain: 134217728
2022/07/21-17:02:51.992352 70000a4b2000            Options.bottommost_compression_opts.window_bits: -14
2022/07/21-17:02:51.992353 70000a4b2000                  Options.bottommost_compression_opts.level: 32767
2022/07/21-17:02:51.992353 70000a4b2000               Options.bottommost_compression_opts.strategy: 0
2022/07/21-17:02:51.992354 70000a4b2000         Options.bottommost_compression_opts.max_dict_bytes: 0
2022/07/21-17:02:51.992355 70000a4b2000         Options.bottommost_compression_opts.zstd_max_train_bytes: 0
2022/07/21-17:02:51.992356 70000a4b2000         Options.bottommost_compression_opts.parallel_threads: 1
2022/07/21-17:02:51.992357 70000a4b2000                  Options.bottommost_compression_opts.enabled: false
